/*--------------------------------*- C++ -*----------------------------------*\
  =========                 |
  \\      /  F ield         | OpenFOAM: The Open Source CFD Toolbox
   \\    /   O peration     | Website:  https://openfoam.org
    \\  /    A nd           | Version:  9
     \\/     M anipulation  |
\*---------------------------------------------------------------------------*/
FoamFile
{
    format      ascii;
    class       labelList;
    note        "nPoints: 10190 nCells: 9922 nFaces: 34860 nInternalFaces: 14750";
    location    "constant/polyMesh";
    object      neighbour;
}
// * * * * * * * * * * * * * * * * * * * * * * * * * * * * * * * * * * * * * //


14750
(
140
140
192
190
286
285
287
288
404
289
405
290
406
291
407
292
408
293
409
294
410
295
411
296
412
297
413
298
414
299
415
300
416
301
417
302
418
303
419
304
420
305
421
306
422
307
423
308
424
309
425
310
426
311
427
312
428
313
429
314
430
315
431
316
432
317
433
318
434
319
435
320
436
321
437
322
438
323
439
324
440
325
441
326
442
327
443
328
444
329
445
330
446
331
447
332
448
333
449
141
141
512
334
513
335
450
336
451
337
452
338
453
339
454
340
455
341
456
342
457
343
458
64
459
64
65
207
66
206
208
345
344
514
204
515
211
346
212
602
214
214
215
217
347
348
517
349
516
350
461
351
462
352
463
353
464
354
465
355
466
356
467
357
468
358
469
359
470
360
471
361
472
362
473
363
474
364
475
365
476
366
477
367
478
368
479
369
480
370
481
371
482
372
483
373
484
374
485
375
486
376
487
377
488
378
489
379
490
380
491
381
492
382
493
383
494
384
495
385
496
386
497
387
498
388
499
118
500
118
119
263
120
262
264
265
389
812
260
519
261
390
391
518
392
501
393
502
129
503
272
394
520
395
1181
396
504
397
505
398
506
399
507
400
508
401
509
402
510
403
511
679
572
190
192
285
286
287
404
288
405
289
406
290
407
291
408
292
409
293
410
294
411
295
412
296
413
297
414
298
415
299
416
300
417
301
418
302
419
303
420
304
421
305
422
306
423
307
424
308
425
309
426
310
427
311
428
312
429
313
430
314
431
315
432
316
433
317
434
318
435
319
436
320
437
321
438
322
439
323
440
324
441
325
442
326
443
327
444
328
445
329
446
330
447
331
448
332
449
570
333
572
573
512
513
334
450
335
451
336
452
337
453
338
454
339
455
340
456
341
457
342
458
343
459
205
591
211
207
208
589
751
345
514
344
515
598
460
600
346
460
602
216
764
217
605
347
517
348
516
349
461
350
462
351
463
352
464
353
465
354
466
355
467
356
468
357
469
358
470
359
471
360
472
361
473
362
474
363
475
364
476
365
477
366
478
367
479
368
480
369
481
370
482
371
483
372
484
373
485
374
486
375
487
376
488
377
489
378
490
379
491
380
492
381
493
382
494
383
495
384
496
385
497
386
498
387
499
388
500
261
811
983
263
264
652
689
266
683
812
389
519
390
518
391
501
392
502
393
503
273
663
666
394
668
520
1205
395
504
396
505
397
506
398
507
399
508
400
509
401
510
402
511
403
679
680
523
522
524
525
526
527
528
529
530
531
532
533
534
535
536
537
538
539
540
541
542
543
544
545
546
547
548
549
550
551
552
553
554
555
556
557
558
559
560
561
562
563
564
565
566
567
568
569
521
578
579
580
581
582
583
584
585
586
750
595
592
601
603
758
611
612
613
614
615
616
617
618
619
620
621
622
623
624
625
626
627
628
629
630
631
632
633
634
635
636
637
638
639
640
641
642
643
644
645
646
647
648
649
653
655
656
809
660
664
822
824
825
820
827
828
829
830
831
676
690
691
692
693
694
695
696
697
698
699
700
701
702
703
704
705
706
707
708
709
710
711
712
713
714
715
716
717
718
719
720
721
722
723
724
725
726
727
728
729
730
731
732
733
734
736
738
742
743
744
745
746
747
748
587
590
684
769
768
772
773
774
775
776
777
778
779
780
781
782
783
784
785
786
787
788
789
790
791
792
793
794
795
796
797
798
799
800
801
802
803
804
805
806
807
650
654
659
661
665
669
670
671
672
673
674
675
832
575
577
593
597
608
607
816
1208
576
823
677
682
571
681
678
765
763
997
755
762
753
999
739
998
948
1000
815
996
833
995
903
994
902
993
901
992
900
991
899
990
898
989
897
987
896
986
895
985
894
982
893
981
892
980
891
979
890
978
889
977
888
976
887
975
886
974
885
973
883
972
882
971
881
970
880
969
879
968
878
967
877
966
876
965
875
964
874
963
873
962
872
961
871
960
870
959
869
958
868
957
867
956
866
955
686
865
571
574
1299
686
574
687
1038
576
735
1077
596
759
737
740
741
864
954
1005
953
1004
952
1003
951
1002
863
950
862
949
588
861
588
589
1247
1093
754
761
594
749
599
761
594
756
1214
596
751
1101
604
757
599
749
1211
688
752
606
609
688
604
610
1103
606
821
1105
657
760
609
610
1305
1507
685
771
767
1017
770
947
946
1019
945
1018
944
1016
943
1015
942
1014
941
1013
940
1012
939
1011
938
1010
937
1009
936
1008
935
1007
934
1006
860
933
859
932
858
931
857
930
856
929
855
928
854
927
853
926
852
925
851
924
850
923
849
922
848
921
847
920
846
919
845
918
844
917
843
916
842
915
841
914
840
913
839
912
651
838
651
652
1296
1102
911
1653
658
808
760
984
657
658
1355
1495
766
810
662
766
662
663
1171
667
818
1165
817
1001
667
668
1176
909
910
988
819
1020
826
908
907
1021
836
906
835
905
834
904
677
678
1367
1485
687
681
682
1351
1368
689
813
685
884
1190
832
831
764
1102
765
997
762
763
755
999
753
998
739
948
815
1000
833
996
903
995
902
994
901
993
900
992
899
991
898
990
897
989
896
987
895
986
894
985
893
982
892
981
891
980
890
979
889
978
888
977
887
976
886
975
885
974
883
973
882
972
881
971
880
970
879
969
878
968
877
967
876
966
875
965
874
964
873
963
872
962
871
961
870
960
869
959
868
958
867
957
866
956
865
955
832
1201
740
823
738
1270
741
1276
1029
1199
864
1005
954
1004
953
1003
952
1002
863
951
862
950
861
949
1090
756
759
1093
754
1094
1096
1027
1217
1025
758
1091
884
1107
1078
1204
1510
1024
821
1193
1162
768
1169
770
771
1017
1111
1106
947
1019
946
1018
945
1016
944
1015
943
1014
942
1013
941
1012
940
1011
939
1010
938
1009
937
1008
936
1007
935
1006
860
934
859
933
858
932
857
931
856
930
855
929
854
928
853
927
852
926
851
925
850
924
849
923
848
922
847
921
846
920
845
919
844
918
843
917
842
916
841
915
840
914
839
913
838
912
809
1153
810
1166
816
1154
1936
814
1161
837
1936
1158
911
1357
1360
909
1164
820
1289
826
1095
1023
1360
1177
988
1001
910
1020
1183
908
1021
836
907
835
906
834
905
904
1196
1034
1187
1186
1195
1309
1372
1151
1150
1149
1148
1147
1146
1145
1144
1143
1142
1141
1140
1139
1138
1137
1136
1135
1134
1133
1132
1131
1130
1326
1088
1282
1084
1202
1268
1267
1266
1265
1264
1263
1262
1261
1260
1259
1258
1257
1256
1255
1254
1253
1252
1251
1058
1099
1057
1056
1055
1054
1053
1052
1051
1050
1049
1048
1047
1046
1234
1232
1231
1230
1226
1227
1036
1188
1365
1364
1184
1163
1174
1376
1031
1349
1348
1347
1346
1345
1344
1343
1342
1341
1340
1339
1338
1337
1336
1335
1334
1333
1332
1331
1325
1328
1327
1127
1323
1322
1321
1320
1319
1318
1317
1314
1287
1294
1114
1307
1209
1030
1087
1086
1281
1279
1278
1080
1076
1075
1074
1073
1072
1071
1070
1069
1068
1067
1066
1065
1064
1063
1062
1061
1060
1059
1249
1245
1244
1243
1242
1220
1240
1222
1238
984
1155
1513
1156
1236
1235
1045
1179
1044
1043
1042
1041
1040
1039
1035
1032
1022
1028
1026
1939
1172
1083
1082
1081
1079
1126
1125
1124
1123
1122
1121
1120
1119
1118
1117
1301
1110
1113
1112
1182
1098
1363
1206
1944
1033
1516
1109
1215
1159
1210
1224
1303
1097
1218
1178
1302
1089
1330
1152
1468
1033
1194
1594
1037
1189
1160
1197
1037
1038
1530
1298
1198
1229
1225
1378
1228
1292
1291
1380
1290
1379
1275
1509
1233
1274
1180
1273
1271
1506
1237
1505
1157
1269
1221
1382
1239
1377
1219
1383
1241
1511
1384
1385
1386
1504
1387
1503
1250
1502
1092
1191
1100
1515
1390
1391
1389
1392
1393
1501
1394
1500
1395
1499
1396
1498
1397
1497
1398
1496
1399
1494
1400
1493
1401
1492
1402
1491
1403
1490
1404
1489
1405
1488
1406
1484
1407
1483
1203
1358
1462
1514
1129
1438
1277
1280
1085
1482
1413
1414
1411
1512
1085
1200
1767
1173
1415
1283
1410
1089
1283
1765
1212
1216
1092
1104
1933
1246
1095
1304
1105
1097
1098
1948
1879
1100
1285
1597
1108
1248
1295
1104
1508
1593
1284
1192
1300
1108
1109
1892
1887
1116
1293
1170
1306
1175
1288
1115
1312
1115
1116
1898
2006
1286
1419
1313
1315
1316
1428
1431
1432
1430
1433
1429
1434
1427
1435
1426
1436
1425
1437
1128
1423
1128
1129
2001
2002
1420
1439
1324
1418
1329
1422
1441
1442
1440
1443
1417
1444
1416
1445
1409
1446
1408
1447
1448
1481
1449
1480
1450
1479
1451
1478
1452
1477
1453
1476
1454
1475
1455
1474
1456
1473
1457
1472
1458
1471
1459
1470
1152
1469
1697
1167
1517
1155
1376
1696
1157
1237
1645
1159
1160
2028
1937
1297
1308
1168
1310
1311
1421
1353
1461
1208
1354
1167
1168
1929
1997
1170
1352
1642
1176
1310
1173
1359
1655
1175
1274
1656
1311
1178
1358
1660
1180
1373
1662
1205
1206
1185
1381
1361
1362
1185
1361
1658
1465
1466
1366
1464
1189
1366
1689
1191
1192
1832
1955
1194
1487
1815
1371
1528
1197
1198
1941
1957
1200
1272
1883
1202
1203
1280
1585
1213
1224
1546
1207
1223
1374
1539
1210
1356
1690
1212
1213
1833
1934
1215
1216
1867
1874
1218
1518
1896
1220
1525
1241
1222
1548
1239
1520
1546
1521
1226
1755
1228
1229
1378
1533
1523
1292
1380
1291
1379
1290
1509
2024
3527
1275
1373
1273
1506
1271
1505
1542
1269
1382
1545
1377
1383
1852
1384
1511
1385
1504
1386
1503
1387
1502
1247
1248
1388
1821
1250
1285
1554
1390
1515
1389
1391
1392
1501
1393
1500
1394
1499
1395
1498
1396
1497
1397
1496
1398
1494
1399
1493
1400
1492
1401
1491
1402
1490
1403
1489
1404
1488
1405
1484
1406
1483
1277
1407
1573
1272
1302
1576
1540
1574
1538
1583
1356
1363
1582
1413
1482
1411
1414
1584
1359
1512
1410
1415
1588
1305
1891
1877
1287
1668
1315
1289
1607
1362
1943
1536
1840
1294
1529
1419
1296
1297
1467
1881
1299
1531
1350
1301
1757
1352
1604
1304
1837
1890
1745
1307
1589
1312
1309
1603
1424
1648
1647
1938
1314
1599
1316
1608
1590
1428
1431
1430
1432
1429
1433
1427
1434
1426
1435
1425
1436
1423
1437
1325
1618
1329
1330
1388
1420
1438
1418
1439
1915
1596
1422
1441
1440
1442
1417
1443
1416
1444
1409
1445
1408
1446
1447
1481
1448
1480
1449
1479
1450
1478
1451
1477
1452
1476
1453
1475
1454
1474
1455
1473
1456
1472
1457
1471
1458
1470
1459
1469
1351
1992
1369
1828
1421
1650
1460
1461
1462
1565
1942
1412
1463
1654
1776
1375
1672
1926
1591
1381
1465
1464
1466
1954
1370
1486
1369
1370
2146
1945
1653
2384
1467
1468
1670
1526
1674
1961
2133
2565
1666
1519
1532
1535
1534
1664
1543
1547
1851
1824
1822
1820
1912
1556
1555
1813
1809
1807
1805
1803
1801
1799
1797
1795
1793
1791
1789
1786
1784
1782
1780
1778
1627
1625
1587
2805
3366
1581
1871
1769
1586
1624
1622
1914
1522
1580
1693
1746
1617
2017
1601
1616
1615
1613
1763
1903
1611
1610
1762
1760
1758
1753
1751
1749
1772
1747
1620
1619
1741
1738
1735
1920
1733
1731
1728
1726
1723
1720
1717
1714
1712
1710
1707
1704
1701
1700
2513
1644
1691
1775
1939
1652
1953
1811
1931
1606
1595
1641
1640
1639
1638
1637
1636
1635
1634
1633
1632
1631
1630
1628
1771
1572
1486
1487
1866
1987
1592
1571
1570
1569
1568
1567
1566
1517
1565
1675
1564
1563
1562
1561
1560
1558
1553
1552
1550
1541
1508
1745
1994
1676
1516
1518
1743
1826
1514
1696
2008
1578
1817
1602
1527
1524
1873
1679
1834
1830
1843
1750
1773
1524
1959
2261
1544
1853
1834
1986
1819
1993
1678
2017
1927
2007
1531
1689
1991
1537
1982
1756
1963
1659
1980
1841
1969
1537
1841
2193
1842
2794
1680
1681
1605
1972
1575
1847
1551
1935
1544
1667
2187
1549
1848
1681
1744
1850
1549
1665
2186
1551
1577
2031
1854
1970
1825
1989
1559
1968
1557
1977
1557
1579
2144
1559
1823
2034
1814
1857
1810
1858
1808
1859
1806
1960
1804
1962
1682
1800
1861
1798
1863
1796
1864
1794
1865
1792
1878
1787
1790
1785
1869
1646
1868
1575
1663
2172
1577
1847
2050
1579
1598
2052
1649
1856
1629
1965
1781
1870
1677
1901
1585
1870
1654
1736
1740
1855
1872
1626
1908
1643
1952
1600
1836
1880
1947
1788
1917
1932
1996
1816
1818
1698
1703
1766
1835
1598
1889
2108
1600
1609
2067
1754
1831
1849
1928
1897
1909
1605
1661
2107
1699
1899
1657
1925
1609
1669
2104
1612
1902
1612
1614
2393
1614
1836
2085
1761
1907
1759
1846
1909
1921
1623
1918
1621
1916
1621
1694
2095
1623
1774
2094
1739
1742
1626
1770
2093
1737
1919
1629
1768
2092
1734
1923
1729
1732
1730
1913
1724
1727
1721
1725
1718
1722
1715
1719
1716
1906
1713
1905
1708
1711
1705
1709
1702
1706
1643
1829
2082
1651
1845
1646
1935
2076
1648
1649
1999
2412
1651
1856
2141
1812
1984
1936
1839
1777
1922
1657
1842
2124
1659
1673
2128
1661
1839
2130
1663
1671
2132
1665
1868
2423
1667
1848
2134
1669
1978
2135
1671
1901
2138
1673
1979
2150
1688
1944
1802
1862
1677
1990
2074
2054
2401
1684
1886
1683
2513
1684
1692
1849
1685
1687
1685
1686
1885
1895
1844
1895
1860
1882
1900
1981
2041
1692
2009
2064
1694
1975
2199
2366
5035
9894
2201
1698
1699
2503
2462
1845
1930
1702
1703
2465
2464
1705
1706
2336
2593
1708
1709
2374
2351
1711
1905
2348
1713
1906
2203
1715
1716
2378
2468
1718
1719
2380
2357
1721
1722
2372
2359
1724
1725
2382
2360
1727
1913
2363
1729
1730
2392
2471
1732
1923
2091
1734
1779
2205
1736
1737
2320
2476
1739
1740
2326
2324
1742
1748
2097
1744
1910
2214
1974
1752
2000
1748
1916
2216
1750
2003
2219
1752
1831
2487
1754
1846
2220
1756
1873
2222
1956
2004
1759
1907
2209
1761
1764
2224
1904
2005
1764
2005
2208
1766
1908
2227
1768
1884
2229
1770
1922
2231
1783
1924
1773
1774
2480
2474
1911
2010
1777
1827
2237
1779
1964
2242
1781
1924
2450
1783
1869
2244
1785
1917
2246
1787
1788
2316
2505
1790
1878
2442
1792
1865
2249
1794
1864
2251
1796
1863
2253
1798
1861
2255
1800
1862
2257
1802
1962
2259
1804
1960
2263
1806
1859
2265
1808
1858
2267
1810
1857
2269
1812
1983
2271
1814
1976
2274
1816
1988
2276
1818
1819
2508
2509
1821
1835
1893
1823
1989
2277
1825
1854
2279
1827
1855
2281
1829
2004
2283
1934
2285
2011
1951
2012
1876
2228
2516
2189
2110
1843
2015
2521
2794
3829
2293
1963
1969
2022
3300
2127
2023
2407
2025
2116
2102
2191
2029
1851
2071
1970
1853
1910
2030
2014
2033
2149
2053
2036
2180
1986
2037
2038
2039
2119
2178
2177
1946
2047
1875
1888
2049
2175
2441
1872
1965
2056
2055
1875
1876
2481
2328
1889
1968
2061
1880
1950
2332
1897
1931
1966
2063
1884
1972
2066
1886
2346
2337
1888
1894
2338
2048
1891
2016
1973
1893
1894
2189
2595
2073
1949
1993
2081
1971
2075
1931
2080
1954
2068
2350
1903
2170
1904
2086
2084
2114
2113
2389
2433
2400
2087
2537
1976
1977
2088
1927
1978
1918
1975
2090
2218
2356
1920
2089
1964
2100
2207
2101
2125
2106
1926
2235
1979
2137
1929
2415
1998
2122
2407
1933
2062
1951
2228
2212
1940
2121
1952
1971
2024
1941
2331
1958
1947
1981
1982
1990
1966
1946
2148
2420
2176
1949
1950
2340
2655
2426
2069
1980
1983
1984
1956
2012
2429
1958
1959
2525
2431
2013
1966
1967
2155
2179
2397
2098
1985
2060
2152
2183
2020
2026
2117
1974
2455
1995
2190
2456
2059
2181
2027
2078
2457
2018
2019
2035
2120
2143
2444
1988
2047
2445
2032
2196
1992
2068
2147
2115
1995
1996
2712
2458
1998
1999
2586
2443
2001
2318
2362
2003
2362
2484
2154
2239
2007
2075
2489
2009
2202
2575
2040
2461
2221
2488
2288
2266
2289
2021
2310
2016
2417
2460
2043
2194
2291
2079
2272
2021
2072
2696
2185
2295
2123
2294
2040
2142
2298
2070
2448
2236
2434
2041
2121
2065
2414
2188
2408
2051
2410
2280
2394
2057
2306
2278
2361
2273
2343
2270
2349
2166
2311
2258
2334
2260
2302
2042
2233
2044
2198
2045
2735
2046
2528
2100
2788
2313
2419
2314
2153
2315
2077
2440
2051
2103
2676
2109
2319
2275
2439
2156
2734
2262
2438
2057
2099
2642
2133
2158
3366
2145
2500
2063
2140
2250
2493
2425
2459
2166
2065
2568
2591
2118
2335
2105
2111
2342
2070
2083
2596
2072
2215
2597
2294
2345
2197
2358
2449
2077
2213
2601
2079
2129
2881
2081
2463
2491
2083
2284
2602
2204
2347
2112
2398
2171
2240
2354
2409
2399
2473
2396
2478
2096
2299
2126
2391
2230
2387
2232
2388
2355
2475
2096
2200
2859
2217
2386
2099
2387
2609
2164
2238
2365
2103
2174
2623
2105
2136
2913
2245
2395
2131
2353
2109
2315
2605
2111
2112
2808
2919
2210
2226
2292
2470
2339
2510
2211
2321
2118
2353
2561
2256
2411
2428
2554
2167
2123
2298
2645
2341
2529
2126
2206
2552
2286
2416
2129
2151
2551
2131
2317
2648
2139
2173
2143
2192
2422
2136
2182
2548
2424
2490
2139
2375
2546
2323
2427
2142
2452
2543
2539
2145
2319
2662
2147
2148
2344
2962
2435
2451
2151
2434
2664
2153
2361
2671
2301
2430
2264
2312
2157
2168
2160
2169
2159
2309
2161
2165
2162
2383
2163
2534
2300
2303
2297
2307
2296
2308
2290
2322
2323
2234
2330
2413
2467
2304
2437
2171
2405
2708
2173
2174
3123
2968
2248
2418
2333
2501
2252
2390
2254
2329
2184
2223
2268
2436
2182
2424
2704
2184
2185
2829
2980
2454
2494
2188
2422
2684
2305
2376
2453
2192
2454
2686
2194
2295
2690
2529
3300
3303
2197
2291
2791
2599
3141
2200
2453
2590
2202
2385
2700
2204
2292
2701
2206
2243
2706
2367
2496
2225
2241
2210
2211
3006
2860
2213
2410
2653
2215
2406
2713
2217
2299
2715
2247
2506
2479
2485
2221
2321
2850
2223
2438
2821
2225
2226
2975
3015
2305
2403
2287
2230
2335
2741
2232
2365
2743
2234
2498
2915
2236
2341
2745
2238
2282
2747
2240
2241
2999
3022
2243
2404
2883
2245
2418
2749
2247
2248
2867
3025
2250
2390
2717
2252
2329
2751
2254
2411
2753
2256
2334
2755
2258
2302
2757
2260
2312
2759
2262
2432
2761
2264
2289
2763
2266
2436
2765
2268
2349
2767
2270
2439
2769
2272
2273
2815
2986
2275
2499
2522
2447
2507
2278
2394
2771
2280
2310
2777
2282
2306
2779
2284
2301
2781
2286
2512
2783
2364
2511
2495
2750
2514
2307
2564
2520
2692
2317
2441
2524
2694
2798
3058
2368
2530
2531
2661
2369
3148
2533
2673
2304
2535
2536
2595
2589
2616
2367
2538
2370
2539
2540
2486
2541
2547
2549
3158
2421
2446
2555
2497
2556
2557
2504
2558
2560
2325
2477
2562
2563
2614
2542
2325
2327
2844
2327
2386
2846
2364
2483
2569
2331
2946
2526
2333
2657
2855
2678
2974
2352
2592
2517
2869
2482
2866
2340
2870
2656
2670
2343
2344
2951
3115
2346
2847
2895
2348
2566
2373
2608
2358
2375
2352
2873
2884
2775
2573
2607
2356
2610
2376
2377
2641
2611
2379
2637
2371
2612
2613
2559
2381
2399
2615
2567
4181
9875
2620
2572
2578
2383
2385
2402
2614
2372
2809
2637
2374
2929
2873
2630
2793
2378
3021
2469
2380
2924
2641
2382
2921
2612
2401
2401
2565
2565
2617
2650
2389
2621
2403
2721
2392
2967
2472
2398
2405
2624
2450
2557
2397
2625
2404
2693
2633
2406
2408
2584
2628
2532
2604
2710
2965
2513
2658
2644
3161
2629
2640
2435
2443
2634
2639
2415
2904
2587
2417
2992
2950
2519
2649
2688
2421
2963
2952
2553
2440
2494
2652
2426
2682
2495
2428
2973
3040
2430
2750
2957
2432
2527
2960
2491
2496
2666
2681
2638
2467
2674
2675
2773
2679
2450
2493
2497
2588
2486
2492
2446
2447
2977
2970
2449
2872
2807
2452
2877
3096
2659
2698
2460
2689
2499
2500
2498
2501
2459
2822
2982
2585
2599
3161
2463
2989
2993
2466
2502
2466
2703
2600
2523
2469
2470
3254
2996
2472
2473
3162
2888
2475
2838
2909
2477
2478
2936
3001
2480
2940
2838
2482
2483
2985
3008
2485
2833
2857
2719
2488
2504
2720
2490
2807
3018
2837
2518
2550
2594
2598
2515
2723
2865
2627
2618
2545
2668
2503
2880
2989
3005
2506
2556
3013
2508
2899
2868
2510
2868
3028
2512
2896
3030
2766
2964
2683
2784
2517
2518
2789
2827
2851
3027
2691
2790
2574
3299
2619
2893
2635
2987
2647
2848
2526
2527
3415
3504
2725
3527
3325
2799
2990
2544
2646
2622
2934
2819
2959
2578
3366
2802
2956
2804
2923
2571
2805
2806
3370
2570
2697
2811
2542
2812
2973
2544
2843
3059
2663
2813
2632
3129
2764
2918
2705
2944
2817
3649
2818
2886
2665
2972
2707
2966
2687
2786
2570
2581
2672
2887
2830
2580
2559
3034
2833
2606
2834
2776
3010
2861
2953
2730
2841
2841
2911
2702
2928
2748
2849
2575
2582
2754
2906
2584
2572
2573
2799
2810
2576
2709
2579
2577
2583
2636
2948
2805
2700
2787
2648
2749
2726
2795
2863
3035
2842
2916
2726
2853
2950
2587
2588
2876
2681
2643
2908
2660
2858
2863
2903
2593
2727
2703
2718
2864
2866
2603
2871
2714
2902
2680
2900
2878
2733
2879
2654
2897
2603
2782
3120
2626
2882
2606
2887
3116
2826
2890
2770
2803
2651
2800
2792
2910
2631
2823
2891
2772
2894
2728
2896
3009
2912
2990
2716
2845
2619
2813
3097
2724
3142
2622
2744
3093
2907
2969
2778
2839
2626
3002
3091
2669
2914
2729
3012
2677
2835
2631
2632
3455
3352
2889
2991
2635
2925
3454
2905
3829
2926
2768
2814
2734
2737
2756
2831
3128
2643
2800
3173
2890
3174
2646
2647
3468
3349
2796
2725
2905
2651
2742
3041
2797
3019
2654
2835
3176
2656
2657
3110
3478
2685
3020
2660
2824
3184
2862
2874
2663
2834
3078
2665
2667
3190
2667
2746
3193
2669
2856
3195
2901
3840
2672
2894
3076
2760
2932
2804
2988
2762
2820
2677
2907
3074
2758
2852
2680
2897
3072
2875
2683
2983
3213
2685
2786
3214
2687
2699
3216
2933
3344
2712
2854
2691
2695
3069
2801
2997
2816
2920
2695
2981
3065
2697
2902
3222
2699
2900
3224
3148
2702
2801
3412
2731
2705
2797
3231
2707
2943
3518
2711
2998
2995
3233
2711
2816
3471
2822
2714
2976
3235
2716
2874
3237
2718
2722
3238
2836
2886
2937
3004
2722
2752
3063
2724
2898
3249
3322
3011
2732
2885
2729
2730
3625
3407
2732
2733
3363
3355
2735
2736
2737
2738
2840
2739
2740
2788
2931
2832
3104
2742
2994
3145
2744
2849
3255
2746
2901
3258
2748
2780
3260
2851
2785
2752
2906
3265
2754
2831
3268
2756
2852
3270
2758
2932
3272
2760
2918
3274
2762
2961
3276
2764
2964
3278
2766
2814
3280
2768
2803
3282
2770
2774
3284
2772
2839
3286
2774
2893
3288
2776
2796
3290
2778
2811
3293
2780
2908
3295
2782
2819
3297
2992
3031
2785
3510
2958
3039
2956
3035
2798
2942
3037
2791
3038
2823
2793
3108
2824
3417
3040
3313
3103
3114
2954
3036
3202
3124
2923
3043
3044
3166
3047
3650
3049
2947
3052
2892
3046
2825
3036
3055
2836
3056
3057
3127
2930
3064
3066
3003
3067
2827
3060
3073
2821
3192
2828
3247
3317
3408
2826
3384
3319
3037
2829
3486
3327
2941
3075
3080
2949
3081
3082
3150
3188
3181
2898
2993
3085
3125
2925
3121
3092
2917
3095
3096
3437
2935
3149
2846
3526
3149
2848
3099
3100
3220
2937
2953
3102
3107
2854
3535
3372
2856
3480
3373
2939
3083
2859
3105
2862
2861
3007
3377
3087
3131
2865
3153
2941
2934
3014
3026
3111
2895
2942
3029
3109
2872
3461
3050
3088
3357
2876
2877
3436
3634
2938
3264
2880
3424
3389
2930
2972
2883
3117
2943
2885
3090
3394
3045
3218
2889
3163
3397
3062
2892
2922
3401
3053
3229
3198
3267
3164
3499
2971
3112
3340
4291
3197
2904
3406
3436
2933
3167
3170
3490
2910
3086
3439
2912
3360
3443
2944
2947
2915
3147
2945
3305
3425
2948
3144
3152
2920
3052
3447
2922
2991
3451
3206
2927
3140
3160
2927
3046
3458
2929
3431
3089
3155
2949
2954
3168
3201
2984
2936
3556
3469
3143
3101
3242
2940
3375
3354
3126
3182
3042
3068
2946
3442
3414
3445
3201
3252
3246
2986
3175
2978
3685
3178
2955
3032
3472
3148
2958
2959
3708
3475
2961
3506
3544
2963
3115
3685
3180
2976
3020
2967
3491
3487
2969
3137
3492
2971
2979
3495
3084
3210
2994
3010
3016
3024
3404
2978
2979
3489
3716
2981
3327
3462
2983
3248
3502
2985
3094
3409
3064
2988
3546
3507
3204
3227
3251
3262
3205
3240
3209
3226
2997
3323
3513
2999
3321
3023
3840
4070
4253
3002
3469
3511
3138
3234
3005
3433
3033
3007
3017
3523
3009
3409
3380
3244
3012
3314
3528
3014
3075
3529
3016
3017
3386
3531
3019
3051
3497
3122
3048
3253
3023
3024
3565
3536
3026
3027
3501
3519
3029
3113
3382
3031
3385
3348
3547
3636
3034
3390
3351
3043
3077
3054
3071
3316
3217
3315
3212
3146
3500
3119
3543
3130
3285
3329
3061
3473
3330
3331
3605
3128
3484
3050
3051
3946
4008
3540
3098
3333
3183
3337
3223
3328
3211
3334
3079
3367
3132
3636
3438
3468
3061
3337
3711
3308
3320
3266
3482
3133
3070
3463
3448
3470
3341
3662
3232
3444
3070
3071
3848
3925
3165
3339
3342
3476
3171
3388
3400
3230
3318
3227
3383
3079
3151
3624
3271
3347
3371
3596
3083
3351
3464
3156
3191
3086
3354
3676
3106
3356
3089
3090
3909
3949
3118
3512
3359
3361
3094
3257
3643
3365
3393
3607
3098
3367
3653
3199
3435
3350
3434
3134
3141
3103
3521
3291
3121
3186
3106
3185
3647
3273
3376
3413
3440
3110
3381
3479
3112
3113
3391
3626
3416
3498
3175
3219
3358
3118
3119
3893
3887
3298
3460
3139
3215
3403
3129
3137
3411
3514
3294
3410
3154
3399
3283
3346
3140
3169
3131
3208
3405
3135
3370
3157
3332
3136
3138
3369
3387
3243
3379
3450
3158
3187
3396
3159
3158
3221
3650
3179
3432
3392
3557
3146
3241
3614
3196
3441
3474
3151
3358
3660
3279
3446
3154
3239
3562
3156
3157
3914
3681
3459
3483
3396
3453
3264
3163
3487
3670
3165
3177
3672
3207
3508
3269
3336
3275
3335
3353
3449
3171
3494
3656
3362
4291
4299
3203
3548
3264
3307
3419
3177
3189
3682
3179
3378
3684
3281
3326
3345
3473
3183
3200
3599
3185
3429
3689
3187
3371
3693
3189
3388
3698
3191
3194
3896
3277
3485
3194
3259
3577
3196
3374
3701
3236
3488
3199
3200
3970
3822
3477
3203
3500
3707
3205
3389
3551
3207
3208
4003
3973
3522
4393
3211
3212
3930
3984
3503
3509
3215
3315
3721
3217
3225
3724
3219
3318
3726
3256
3261
3250
3368
3223
3488
3705
3225
3421
3739
3299
3301
3228
3443
3593
3230
3287
3745
3232
3416
3748
3305
3517
3343
3379
3236
3428
3574
3422
3525
3239
3482
3572
3241
3245
3776
3243
3309
3778
3245
3292
3783
3262
3534
3248
3372
3570
3250
3712
4040
3398
3538
3472
3569
3254
3559
3323
3256
3257
4046
3758
3259
3362
3728
3261
3296
3790
3263
3348
3791
3266
3336
3860
3338
3385
3269
3347
3792
3271
3376
3796
3273
3335
3798
3275
3446
3800
3277
3545
3802
3279
3326
3803
3281
3346
3805
3283
3329
3807
3285
3289
3809
3287
3410
3811
3289
3333
3813
3291
3292
3918
4053
3294
3328
3917
3296
3560
3818
3298
3342
4031
3300
3302
3303
3924
4393
3304
3306
3310
3311
3312
3325
3308
3309
3944
3871
3924
4076
3467
3515
3324
3820
3314
3985
4045
3597
3317
3723
3456
3736
3320
3850
3826
3554
3564
3417
3829
3566
4096
4312
3831
3590
3686
3591
3580
3402
3575
3539
3576
3419
3420
3579
3345
3581
3583
3598
3669
3380
3584
3340
3585
3421
3343
3588
3589
3700
3418
3649
3595
3600
3641
3795
3350
3680
3854
3611
3353
3457
3856
3617
3364
3423
3357
3601
3422
3640
3360
3862
3863
3407
3603
3604
3364
3395
3606
3425
3610
3691
3608
3735
3426
3594
3426
3780
3619
3374
3959
3875
3465
3616
3618
3378
3524
3880
3704
3759
3622
3623
3622
3628
3384
3886
3882
3697
3532
3537
3427
3631
3633
3658
3466
3635
3496
3627
3393
3897
3874
3395
3950
3898
3678
3398
3671
3901
3400
3976
3904
3402
3452
3905
3404
3651
3428
3406
3973
3821
3732
3413
3429
3643
3730
3412
3815
3430
3747
3415
3929
3505
3568
3527
3481
3549
3685
3489
3681
3578
3582
3424
3865
3858
3515
3539
3609
3613
3629
3773
3431
4052
3908
3433
3733
3466
3435
3995
4004
3756
3438
3966
3921
3440
3677
3922
3442
3956
3928
3769
3445
3744
3541
3770
3448
3542
3934
3450
3845
3493
3452
3538
3939
3454
3592
3546
3456
3457
3989
4171
3459
3575
3824
3461
4025
3945
3463
3688
3947
3465
3612
3951
3632
3553
3645
3680
3718
3471
3771
3554
3516
3786
3555
3785
3476
3710
3960
3549
3557
3479
3480
4127
3958
3646
3731
3695
3484
3775
3558
3486
4050
3687
3703
3767
3738
3548
3560
3561
3702
3493
3494
4078
3968
3496
3717
3937
3498
4009
3979
3551
3712
3713
3520
3530
3503
3571
3977
3505
3506
4061
3991
3508
3675
3913
3510
3957
3709
3512
3720
4006
3514
3567
4015
3907
3550
3741
3522
3553
3543
3561
3520
3521
4020
3967
3615
3524
3533
4028
3526
4042
3785
3664
3878
3530
3904
4034
3532
3533
4010
4036
3535
4017
3620
3537
3965
4038
3794
3587
3541
3542
4012
4267
3665
3545
3992
4043
3674
3550
3552
3816
3655
3563
3659
3613
3637
3667
3743
3556
3839
3719
3981
3559
4027
3962
3789
3644
3573
3975
3639
3974
3565
4019
3965
3567
3962
4058
3749
3980
3596
3742
3571
3621
4182
3573
3696
4067
3630
3832
3834
3837
4136
3729
3895
3586
3847
3654
3833
3810
3846
3930
3996
3602
4041
3801
3903
3892
3987
3586
3673
4474
3594
3838
3755
4005
3961
4030
3806
3986
3706
4022
3679
3843
3886
4024
3851
3788
3852
3752
3725
3855
3793
3954
3823
3869
3808
3931
3602
3648
4392
3762
3861
5181
5914
3642
3751
3864
3899
3634
3754
3751
3866
3638
3867
3919
3999
3612
3635
4148
3636
3714
3777
3668
3868
3617
3870
3836
3799
3877
3620
3621
4348
4408
4314
4127
4258
3661
3890
3664
3732
3627
3628
3883
4141
3630
3652
4132
3851
3889
3734
3884
3657
3873
3756
3885
3638
3639
4472
4521
3727
3920
3797
3900
4113
4136
3757
3666
3910
3912
4118
3766
3841
3648
3690
4134
3663
3751
3652
3722
4157
3654
3692
4159
3841
3982
3657
3969
4155
3659
3858
3932
3661
3920
4162
3663
3755
3731
3753
3666
3888
4168
3668
4399
4169
3869
3942
3671
3943
4166
3673
3683
4173
3675
3843
4174
3677
3836
4177
3679
3694
4180
3849
3916
3683
3699
4185
3879
3881
3687
3688
4501
4345
3690
3774
4213
3692
3890
4202
3694
3782
4204
3696
3998
4206
3963
3987
3699
3873
4196
3936
3964
3876
3955
3703
3911
3943
3779
3936
3706
3768
4184
3715
3972
3709
3710
4193
4484
3787
3942
3763
3714
3715
4448
4516
3717
3738
4120
3719
3720
4069
4522
3722
3855
4194
3927
3988
3725
3740
4226
3727
3737
4228
3729
4057
4529
3842
4000
3764
3760
3734
3879
4371
3993
5200
3737
3746
4233
4002
3740
3847
4239
3742
3990
4013
3772
4018
3750
4011
3746
3812
4222
3830
3923
3749
3750
4539
4510
3781
4014
3761
3853
3859
3966
3765
3821
3758
3759
4048
3891
3761
3762
4772
4564
3933
4040
3765
3766
4362
4467
3768
3832
4361
3863
4023
3804
3953
3772
3935
4143
3774
3830
4255
3825
4026
3777
3784
4381
3779
3872
4260
3781
3782
4397
4556
3784
4055
4110
4032
3787
3788
4548
4440
3817
3844
3819
4047
3828
4017
3793
3900
4261
3902
3940
3827
3963
3797
3877
4248
3799
3903
4273
3801
3953
4275
4044
4049
3804
3986
4153
3806
3931
4279
3808
3846
4281
3810
3814
4283
3812
3842
4285
3814
3833
4287
4016
4051
3817
3972
4114
3819
3844
4289
4339
4538
3859
3823
3971
4368
3825
3835
4300
3944
4130
3828
4506
4364
4060
3840
4538
4066
4147
3835
3906
4320
4124
3838
4663
4324
4033
4068
4065
4394
4229
4494
3857
4077
4082
4270
3926
3948
3921
4083
3882
4075
4085
3996
4232
3997
4071
3994
4083
4086
3857
4172
4352
4235
4131
3954
3998
3862
4360
4358
4359
3865
4451
4236
4064
4113
3889
4109
4087
4116
4119
3952
4123
3872
4191
4329
4219
3999
4497
3876
4483
4373
4216
3997
4045
4126
3881
4029
4377
4403
3938
4379
3885
4446
4149
4112
3888
3894
4384
4128
4115
3892
4416
4388
3894
4007
4389
3896
4187
3915
3983
4135
3899
4480
4387
4111
3902
4167
4400
4088
4263
3906
3941
4405
3912
3919
3909
4575
4344
3911
4470
4411
4217
4003
4142
3915
3916
4151
4001
4000
4022
3967
4054
4154
4245
4433
3923
4178
4422
4161
3926
3927
4426
4418
3929
4487
4062
4198
4223
3933
4237
4434
3935
4268
4465
4254
3938
4122
4471
3940
3941
4343
4697
4259
4200
4191
3946
4252
4334
3948
4346
4476
3950
4344
4479
3952
4150
4481
4475
4230
3956
4444
4486
3978
4192
3959
4140
4482
3961
4485
4490
4079
4266
4005
4272
4209
4215
4021
3969
4412
4499
3971
4004
4503
4144
4131
3990
4225
3976
4580
4264
3978
4183
4508
3980
4534
4511
3982
3983
4307
4512
3985
4198
4424
4164
4277
3989
4461
4366
4175
3992
4063
4527
4098
4250
3995
4664
4525
4257
4072
4125
4074
4117
4002
4152
4121
4199
4526
4156
4007
4524
4495
4009
4334
4533
4039
4238
4012
4594
4464
4014
4176
4456
4016
4059
4535
4089
4019
4317
4210
4021
4035
4241
4243
4024
4439
4542
4056
4251
4027
4414
4080
4029
4037
4546
4031
4189
4056
4033
4562
4550
4035
4265
4552
4037
4238
4554
4039
4211
4559
4396
4042
4453
4562
4044
4528
4567
4073
4047
4048
4581
4416
4050
4545
4563
4052
4597
4574
4054
4055
4242
4576
4129
5326
5914
4059
4081
4601
4305
4423
4062
4063
5122
4871
4084
4098
4306
4310
4133
4417
4208
4579
4069
4315
4523
4090
4538
4326
4794
4073
4326
4425
4330
4333
4130
4335
4095
4096
4078
4337
4412
4080
4081
4946
4860
4284
4365
4107
4340
4630
4325
4338
4227
4374
4292
4393
4276
4349
4347
4355
4091
4108
4092
4093
4105
4744
4094
4253
4099
4218
4097
4101
4100
4100
4247
4212
4221
4830
4102
4106
4146
4103
4104
4224
4493
4492
4537
4137
4179
4303
4404
4336
4605
4137
4339
4357
4472
4441
4578
4249
4463
4428
4543
4138
4145
4519
4163
4327
4170
4296
4244
4402
4139
4399
4369
4386
4121
4122
4650
5177
4124
4591
4322
4207
4231
4370
4378
4140
4338
4380
4190
4375
4383
4199
4133
4158
4926
4214
4391
4514
4586
4395
4572
4341
4454
4363
4398
5367
4379
4442
4174
4323
4316
4466
4145
4517
4609
4161
4297
4160
4309
4149
4150
4899
5007
4152
4188
4649
4165
4561
4333
4415
4308
4500
4362
4571
4158
4195
4635
4160
4203
4680
4292
4163
4246
4684
4165
4280
4690
4167
4201
4692
4385
4469
4170
4468
4681
4172
4366
4699
4186
4473
4301
4176
4319
4707
4178
4322
4710
4342
4478
4205
4351
9852
9898
4183
4410
4631
4332
4437
4186
4197
4627
4188
4584
4714
4190
4491
4716
4382
4193
4372
4717
4195
4374
4718
4197
4220
4720
4488
4215
4201
4411
4726
4203
4327
4728
4205
4558
4733
4207
4208
5003
5020
4210
4211
4834
4903
4421
4713
4214
4256
4737
4313
4274
4498
4363
4415
4290
4293
4220
4308
4723
4298
4419
4286
4489
4282
4328
4520
4595
4318
4521
4227
4240
4612
4234
4367
4301
4351
4231
4262
5099
4356
4530
4234
4489
4696
4236
4237
4873
4852
4544
4240
4271
4747
4242
4553
4577
4244
4332
4751
4246
4367
4753
4404
4536
4249
4498
4643
4532
5182
4252
4376
4746
4290
4304
4311
4256
4305
4764
4488
4531
4269
4294
4386
4566
4311
4435
4262
4463
4793
4264
4265
5055
5072
4278
4505
4268
4464
4787
4331
5367
4271
4569
4674
4304
4570
4274
4349
4789
4276
4515
4801
4278
4354
4803
4280
4328
4804
4282
4365
4806
4284
4288
4808
4286
4420
4810
4288
4309
4812
4518
4582
4291
4295
4298
4299
4608
4814
4296
4297
4778
4302
4407
4507
4321
4413
4634
4303
4780
4955
4618
4766
4307
4835
4513
4709
5034
4467
4610
4611
4339
4493
4323
4433
4429
4608
4551
4606
4317
4843
4833
4319
4983
4844
4321
4406
4613
4734
4620
4325
4840
5138
4625
4784
4686
4435
4651
4436
4615
4614
5425
4851
5010
4676
4458
4621
4433
4620
4353
4839
4623
4341
5127
5162
4598
4624
4401
4862
4628
4346
4502
4867
4348
4849
4409
4648
7305
9880
9891
4604
4353
4700
4881
4388
4636
4364
4732
4440
4633
4380
4798
4359
4638
4438
4565
4639
4417
4437
4641
4743
4739
4637
4760
4855
4369
4504
4900
4371
4646
4445
4509
4647
4443
4906
4907
4376
5014
4908
4378
4547
4911
5192
4722
4441
4447
4383
4651
4920
4385
4390
4921
4792
4450
4968
4654
4390
4496
4924
4392
4653
4452
4402
4420
4454
4656
4430
5200
4456
4557
4431
4659
4431
4401
4693
4936
4626
4428
4458
4661
4406
4698
4940
4459
4939
4409
4410
5208
4937
4931
4749
4414
5089
4945
4770
4583
4799
4427
4460
4462
4951
4957
4532
4682
4423
4711
4949
4425
4791
4959
4427
4477
4683
4640
4432
4442
4434
4685
4455
4449
4457
4622
4687
4497
4616
4617
4439
4877
4874
4549
4786
4694
4444
4913
4888
4446
4962
4898
4448
5078
4902
4652
5224
4451
4922
4886
4453
4916
4672
4758
4468
4796
4657
4658
5053
4660
4708
4836
4461
4870
4761
4675
5001
4891
5070
4466
4788
4965
4642
4742
4470
4990
4930
4587
4893
4725
4474
5050
4569
4515
4561
4477
4868
4969
4589
4619
4480
4629
4967
4590
4932
4483
5002
4963
4485
4717
5004
4487
4889
5238
4791
4773
4491
5005
5016
4520
4695
4585
4518
4519
4496
5044
5011
4586
4782
4500
4750
5027
4502
4563
5029
4504
4573
4817
4506
5094
4918
4592
4836
4509
4632
5022
4541
4593
4540
5039
4513
4514
5266
5008
4929
4517
4902
5040
4662
4730
4645
4725
4523
4524
4607
5043
4526
4670
4573
4528
4872
5046
4584
4588
4531
4879
5045
5256
4534
4677
5051
4596
4602
4537
4935
4971
4540
4541
5100
5006
4543
4875
4885
4560
4763
4568
4756
4547
4555
5057
4549
4566
4775
4551
4673
5064
4553
5074
4943
4555
4763
5067
4557
4558
5189
4816
4560
4905
4927
4644
4671
4757
4565
4825
5080
4655
4568
5047
5085
4768
4571
5118
5090
4585
4598
4797
4575
5049
4865
4577
4578
4943
5095
4580
4892
5054
4582
4583
4919
4654
4740
4595
4678
5278
5285
5225
5651
4712
4823
4591
5106
4735
4599
5181
4594
5110
5102
4832
4597
4853
5048
4781
4600
4795
4741
5323
4602
4861
5037
4604
4605
4634
4704
4664
4607
4973
5364
4658
4837
5041
4835
5125
4689
4831
4748
4988
4941
5088
4845
5083
5059
5076
4679
5075
4800
4984
4831
5071
4847
5025
4634
5036
5060
4852
5333
4864
5157
4847
4858
4954
4960
4752
4985
4721
5107
4629
4865
5267
4665
4713
4632
4938
5170
4777
4878
4719
4974
4883
4884
4809
4838
4639
4876
4887
4660
4885
4642
5091
5125
4783
4890
4691
4993
4894
5124
4912
4961
4901
4947
4802
4944
4650
4715
5459
4666
4917
5240
4738
4915
4919
4776
5084
4663
4667
4707
4914
4668
4796
4841
4933
4934
4956
4731
4976
4669
4670
4820
5119
4688
4866
4759
4896
4703
4895
4840
4897
4704
4672
4673
5445
5547
4769
4923
4952
4953
4677
4746
5141
4679
5009
5216
4729
5113
4779
4842
4819
4958
4869
4970
4754
4859
4702
4705
4807
4856
4688
4689
5405
5440
4691
4805
5210
4693
4727
5222
4701
5224
4964
4971
4774
4854
4698
4862
5153
4700
4762
5228
4706
4745
5151
5818
4857
5087
4733
4942
5505
5146
5220
5230
4824
4928
4848
5028
4711
4736
5139
5026
5597
4818
4715
5898
5236
5013
5017
4947
4719
4910
5241
4721
4724
5243
4864
5015
4724
4848
5133
4850
4727
4972
5248
4729
4785
5250
4731
4837
5252
4849
5112
4797
4735
4736
5421
5620
4738
4765
5655
4918
5024
5853
5932
4821
5247
4842
5033
4771
4841
4823
4830
4755
5192
4909
4748
4923
5321
4750
4839
5167
4752
4982
5327
4754
4863
5328
5219
5279
4757
5056
5030
4759
5277
5334
4761
4762
5455
5652
4980
4765
4767
5338
4767
4950
5339
4769
5116
5341
4771
5098
5343
4794
4825
4774
4811
5201
4776
4777
5462
4981
4779
4780
5630
5523
4832
4846
4783
4790
5349
4785
4859
5351
5077
5096
4788
5079
5347
4790
4944
5362
5066
4948
5084
4986
5111
4826
4822
4827
5092
4815
5018
5019
4800
4991
5370
4802
5052
5372
4883
5093
4805
4856
5336
4807
4838
5374
4809
4813
5376
4811
4998
5378
4813
5063
5380
4895
5097
4816
4817
5239
4900
4819
4820
5587
5812
4824
4836
4829
5032
6391
5282
5062
4954
5061
4828
5181
5042
5914
5042
5848
5001
5308
5124
4834
5132
4904
5129
5205
5143
4880
5148
5178
5368
4966
5131
4981
5134
5128
5135
4858
5136
5137
5271
5245
4983
5018
4982
4984
5147
5038
5149
4855
5152
4863
5275
5158
5650
5159
5126
4861
5543
5446
4996
5579
5145
5273
5163
5508
4868
5031
5451
4870
5593
5454
4872
5263
5456
4886
5147
4875
5461
5450
4877
5465
5460
4879
5134
5852
4882
5166
4882
5229
5448
5309
4976
5254
5169
5156
5082
5172
4889
5191
5463
4891
5357
4986
5021
5175
5168
5177
4964
5161
4987
4897
5434
5458
4899
5566
5237
4948
5023
5184
5185
4904
4905
5819
5491
4963
4977
4910
4988
4909
5609
5439
5306
4912
5058
5496
4978
5190
5189
5193
4916
5503
5444
5104
5260
5195
4976
5036
5508
4925
4989
5000
5155
5198
4925
5012
5199
4974
4991
4979
5492
4992
5123
4993
5052
4931
5495
4972
4994
5007
5060
5203
4935
5536
5397
4995
5223
4938
5209
5395
4951
4992
4941
5154
5394
5130
5541
5207
5350
4946
5675
5543
5265
5239
4950
5140
5550
4975
4975
5165
4997
5213
5215
4956
5524
5558
4985
4998
5212
5217
4960
5120
5557
4962
5449
5565
5684
5681
4966
5348
5569
4968
5268
4999
4970
5452
5573
5218
5315
5065
5227
5232
5685
4978
5488
5493
4980
5487
5068
5230
5345
5335
5355
5353
5269
5087
5173
5183
4990
5472
5494
5226
5678
5204
5105
5601
4996
5532
5437
5001
6391
5214
5000
5643
5559
5234
5361
5108
5221
5005
5265
5525
5101
5109
5237
5009
5602
5604
5059
5098
5012
5430
5506
5014
5485
5608
5019
5556
5017
5526
5466
5194
5365
5021
5221
5617
5023
5171
5623
5112
5500
5026
5531
5615
5028
5564
5625
5030
5031
5325
5722
5164
5246
5092
5257
5063
5113
6836
9849
5196
5038
5447
5635
5051
5114
5041
5187
5633
5103
5044
5364
5429
5066
5852
5047
5457
5426
5049
5150
5645
5107
5116
5142
5535
5104
5650
5055
5176
5073
5086
5324
5058
5069
5424
5188
5359
5062
5762
5081
5528
5065
5548
5656
5120
5068
5069
5740
5660
5079
5102
5118
5648
5073
5074
5806
5884
5076
5546
5640
5078
5419
5186
5197
5081
5082
5692
5832
5639
6277
5193
5086
5427
5672
5312
5089
5480
5674
5091
5332
5676
5174
5094
5311
5502
5096
5207
5679
5180
5425
5382
5108
5111
5101
5115
5369
5317
5117
5326
5259
5106
5504
5420
5235
5121
5110
5671
5318
5261
5366
5206
5115
5417
5628
5385
5284
5878
5331
5127
5231
5392
5262
5399
5238
5263
5401
6892
5402
5144
5329
5403
5293
5407
5916
5266
5408
5514
5607
5132
5410
5820
5272
5411
5335
5294
5320
5413
5539
5160
5530
5157
5295
5140
5622
5958
5142
5439
5416
5377
5418
5408
5677
5422
5662
5283
5298
5428
5296
5458
5150
5433
5909
5182
5854
5202
5595
5154
5437
5899
5156
5538
5438
5255
5313
5666
5160
5540
5713
5414
5998
5277
5300
5404
5513
5258
5323
5453
5553
5167
5483
5564
5582
5716
5203
5450
5171
5396
5809
5465
5560
5180
5301
5179
5568
5176
5468
5804
5459
5179
5344
5735
5467
5200
5322
5473
5415
5474
5186
5187
5706
6066
5383
5640
5239
5191
5521
5746
5278
5462
5365
5501
5499
5502
5360
5659
5319
5490
5342
5575
5471
5507
5202
5379
5828
5435
5211
5534
5253
5634
5251
5527
5782
5209
5245
5786
5211
5337
5788
5481
5544
5453
5549
5354
5469
5734
5794
5545
5605
5256
5292
5398
5686
5278
5288
5264
5279
5400
5223
5249
5571
5276
5280
5326
5233
5574
5470
5578
5229
5653
5866
5462
5393
5580
5233
5242
5814
5577
5684
5244
5510
5554
5954
5599
5464
5276
5303
5242
5307
5839
5244
5411
5844
5598
5613
5644
5281
5282
5249
5316
5694
5251
5352
5850
5253
5254
5780
5310
5297
5422
5854
5489
5591
5304
5614
5603
5606
5627
6923
5262
5270
5865
5561
5542
5637
5415
5602
5268
5274
5642
5270
5358
5869
5272
5626
5871
5274
5645
5873
5375
5412
5283
5387
5563
5284
5287
5286
5576
5611
5389
5953
5288
5529
5289
5299
5302
5330
5290
5304
5323
5291
5586
5305
5758
5409
5931
5393
5443
5406
5641
5296
5297
6008
6833
5431
5638
5423
5704
5443
5537
5314
5477
5729
6338
5389
5627
6302
5533
6289
5307
5473
5863
5442
5647
5310
5311
5781
6180
5313
5314
6114
6058
5316
5517
5714
5318
5319
6258
6245
5475
5478
5322
5575
5888
5325
5646
5721
5346
5610
5329
5584
5895
5390
5651
5332
5668
5893
5391
5505
5388
5434
5501
5337
5412
5903
5340
5654
5340
5551
5891
5342
5386
5905
5344
5384
5906
5346
5356
5907
5348
5490
5911
5363
5511
5373
5649
5352
5403
5885
5354
5610
5917
5356
5371
5921
5358
5511
5923
5360
5436
5927
5724
6277
5363
5649
5862
5470
5392
5516
5598
6277
5489
5631
5629
5670
5371
5574
5928
5373
5552
5963
5375
5418
5967
5377
5381
5971
5379
5469
5973
5381
5567
5975
5383
5384
6284
6274
5386
5510
5925
5388
5537
5985
5432
5683
5730
5682
5701
5555
5690
5479
5900
5396
5787
6237
5398
5777
5993
5400
6230
5618
5688
5693
5413
5998
5696
5405
6443
5441
5509
5699
5639
6909
5700
5481
5930
5570
5860
5702
5816
5876
5689
6301
5703
5417
5984
6009
5798
5680
5705
5421
5749
5621
5768
5594
5707
5497
5661
5475
5427
6048
6022
5438
5701
5430
5887
6006
5432
7057
6025
5636
5710
5711
5436
5720
6028
5772
6104
5982
5441
5442
6349
6029
5841
5445
5751
6003
5447
5784
6034
5482
5867
5498
5697
5719
5452
6040
6041
5915
5455
6136
6046
5457
5562
6047
5879
5486
5461
5742
6039
5464
5747
5590
5741
5484
6099
5475
5476
5619
5723
5733
5887
5472
6165
6085
5977
5624
5736
5477
5478
5726
5509
5480
6185
6232
5712
5483
6161
5800
5485
6055
6036
5554
5716
5519
5739
5727
6070
5743
5855
5492
5821
5518
5520
5728
5495
6080
5517
5497
5498
6105
6081
5500
5717
5515
5852
5901
5669
5750
5522
5748
5514
5507
6007
6090
5512
5969
5803
6227
5513
5659
5756
5687
5516
6033
6089
5965
5519
6223
6074
5521
6201
6076
5658
5744
5524
5632
6017
5526
5703
6097
5528
5846
5567
5582
5758
5531
6211
6095
5572
5771
5755
5773
5535
5775
5552
5558
5776
5778
5589
5779
5540
6111
6091
5581
5837
5752
6369
5783
5587
6119
5546
6116
6086
5548
6003
6117
5612
5791
5551
5959
6083
6261
5754
6741
5588
5556
5557
5662
5794
5790
5589
6198
5796
6213
5562
5590
6126
5586
6369
5799
5566
5698
5600
5774
5591
5757
5570
5912
6131
5572
5695
6137
5592
6042
5807
5961
5594
5889
5808
6057
5657
5792
5584
5595
5731
5812
5585
5596
5583
5761
6582
5738
5664
5897
5709
5877
5665
5856
5793
6053
5875
5593
6197
6135
5824
5769
5607
5811
5612
6391
5825
5600
5601
6177
5658
5979
6383
6923
5605
5981
6188
5663
5795
6410
5609
6037
5983
5745
6248
6892
5616
5822
5848
5644
5849
5616
6096
6120
5618
5619
6433
6205
5621
5622
6342
5995
5624
5810
6013
5626
5801
6207
6154
5629
6010
6212
5631
5632
6071
6462
5634
6067
6278
5636
6035
6215
5638
6088
6475
5724
5988
5868
5890
5643
5874
6228
5725
5910
5673
5880
5648
5882
5667
5919
5663
5913
5653
6046
6254
5655
5813
5669
5657
6118
6259
6140
5826
5661
6079
6264
5708
5666
5830
5837
5691
5759
5785
5668
6243
6235
6143
5671
6271
6257
5673
6023
6275
5675
6233
6112
5677
5894
6280
5685
5688
5680
5835
6386
5686
5689
5687
6285
5913
6150
6158
5817
5753
5960
5718
6050
5732
5842
5989
6745
5823
6184
5992
6266
5695
5715
6306
5896
5997
5698
5999
6388
6000
6182
5980
6281
5763
5872
6002
5737
6015
6302
5706
6011
6513
6014
6073
5794
6019
5755
5883
6021
6078
5986
6224
6027
6214
6092
6210
5715
5966
6430
5759
5902
6032
5859
5992
5720
6039
6429
5722
5881
6040
5805
6455
6057
6203
6286
5969
6058
5728
6059
6186
5764
5990
5765
5802
5732
6061
6406
5918
6062
5762
6019
5757
6063
5737
6152
6098
5770
6068
5740
6069
6079
5742
6461
6648
6071
6240
6064
6072
5908
6051
5747
6077
6052
5749
6065
6354
5751
6016
6334
6251
6929
5994
6049
6093
6578
5766
5827
6356
6094
6546
5761
6289
6546
6588
5797
5823
6606
6715
6133
6147
5767
6338
6060
6359
6043
6355
5833
6019
5770
5829
6314
5772
6005
6103
6060
6129
5847
6020
5789
6268
5777
6108
6298
5843
6109
6110
6193
5781
6279
6394
5835
5884
5784
6112
6479
5795
6113
5787
5825
6477
5789
5904
6373
6018
6115
6120
6225
6121
6192
6123
6775
6125
5832
5836
6585
6745
5972
6031
5800
5801
6694
6885
6001
6044
5845
6130
5805
5806
6719
6244
5815
6045
6134
6139
5810
6238
6381
6004
6012
6141
5892
6142
5815
5840
6473
5968
6056
5858
6741
5837
5857
5820
5821
5861
6221
5950
6286
5833
5952
6159
6166
5827
5927
6403
5829
5974
6404
5831
5834
5838
6459
6184
6833
6100
6181
7116
6008
6918
5970
6101
5840
5864
6396
5842
5843
6446
6866
5845
6002
6565
5847
5851
6415
5941
6191
6282
5851
5886
6418
5898
5934
5931
6190
6246
5956
6206
5931
6459
5859
6472
6422
5861
6038
6222
5920
6226
5864
5978
6413
5870
6229
5867
6255
6124
5916
5939
5870
5924
6318
5872
6208
6490
5874
6024
6486
6168
6239
6366
6533
6141
6173
5936
5941
6144
6224
5881
6241
6326
6030
6242
6220
6442
6244
5886
5997
6500
6192
5962
6247
5951
6248
6000
6218
5892
6084
6470
5894
6236
6511
5896
6068
6515
6004
6181
5937
5900
6103
6252
5902
6180
6523
5904
6056
6524
5926
6256
6063
6262
5908
5922
6468
5910
6078
6024
5912
6190
6529
5932
6093
6225
5955
5918
6051
6535
5920
5964
6537
5922
5929
6539
5924
6263
6542
5926
6130
6544
5991
5929
6045
6547
5943
5957
5933
5948
6425
5935
5944
5937
5940
5938
5942
5945
5953
5987
6183
6219
6311
6914
5946
5947
6217
5970
6459
5948
6531
5949
5954
5950
6217
6026
6054
6107
6397
7031
6209
5952
6187
6797
5990
5956
6183
6909
6464
6027
6436
5959
5996
6519
6122
6437
5962
6256
6502
5964
6273
6557
5966
6162
6560
5968
6031
6563
6541
6411
5972
5976
6567
5974
6062
6570
5976
6020
6572
5978
6247
6574
5980
5981
6856
6803
5983
5984
6644
6906
5986
6109
7026
6026
6146
6087
6283
6206
6927
6145
6102
6471
6288
5994
6299
6600
5996
6343
6601
6550
6533
6082
6291
6292
6150
6249
6294
6333
6641
6138
6296
6007
6420
6612
6144
6010
6908
6616
6231
6618
6153
6300
6151
6382
6015
6304
6290
6178
6305
6018
6621
6603
6315
6216
6308
6023
6654
6679
6353
6154
6527
6629
6467
6102
7179
6030
6350
6630
6390
6033
6730
6635
6035
6480
6639
6037
6323
6643
6132
6316
6319
6325
6042
6327
6156
6044
7674
6652
6421
6370
6048
6128
6653
6050
6569
6157
6389
6053
6697
6127
6234
6328
6170
6322
6330
6179
6392
6149
6336
6676
6451
6986
6339
6556
6065
6689
6681
6067
6513
6683
6711
6075
6344
6148
6158
6347
6155
6348
6159
6340
6075
6839
6675
6077
6762
6696
6351
6345
6085
6162
6082
6106
6698
6084
6520
6703
6508
6087
6375
6707
6929
7197
6166
6636
6164
6613
6092
6723
6706
6310
6167
6401
6096
6650
6712
6098
6099
6426
6169
6101
6829
6744
6368
6297
6193
6362
6106
6265
6717
6163
6171
6115
6360
6321
6365
6865
6366
6722
6849
6114
6332
6392
6460
6189
6374
6118
6335
6734
6172
6214
6377
6260
6378
6174
6367
6175
6358
6160
6740
6331
6383
6127
6128
6782
6972
6324
6424
6387
6132
6530
6747
6176
6526
6158
7588
6136
6806
6371
6138
6307
6751
6199
7032
6155
6177
6393
6143
6846
6178
6213
6146
6147
6848
6896
6149
6610
6576
6425
6152
6878
6427
6295
7863
6194
6463
6196
6597
6195
6320
6577
6161
6766
6693
6400
6599
6700
6165
6674
6509
6488
6168
6767
6709
6170
6428
6713
6329
6357
6173
6721
6447
6285
6376
6198
6385
6346
6380
6388
6554
6199
7015
6394
6482
6398
6518
6402
6918
6253
6407
6200
6337
6202
6395
6189
6802
6753
6364
6203
6432
6420
6476
6204
6481
6301
6303
6197
6626
6805
6228
6514
6201
6784
6761
6248
6267
6409
6417
6549
6379
6434
7410
6208
6887
6813
6269
6497
6211
6786
6650
6270
6617
6461
6522
6216
6640
6834
6250
6219
6891
7097
6313
6552
6222
6223
6317
6837
6466
6498
6227
6492
6263
6485
6230
6646
6818
6386
6465
6233
6408
6855
6250
6483
6236
6861
6852
6238
6478
6862
6240
6710
6868
6276
6493
6243
6665
6882
7116
6246
6742
6883
6384
6272
6516
6269
6313
6517
6253
6893
6888
6255
6372
6796
6484
6258
6817
6742
6260
6735
6899
6268
6273
6274
6521
6903
6265
6678
6904
6363
6532
6504
6532
6769
6312
6271
6774
6816
6287
6559
6507
6309
6276
6680
6901
6279
6684
6759
6281
6512
6881
6293
6458
6284
6785
6309
6606
6495
6599
6701
6423
6720
6424
6293
6456
6450
6605
6399
6890
6302
6491
6609
6897
7559
6297
6611
6893
6299
6361
6943
6637
6926
6533
6366
6687
6341
6457
6809
6922
6307
6431
6950
6352
6714
6625
6627
6770
6412
6440
6633
6858
6369
6405
6755
6416
6768
6317
6638
6838
6543
6645
6321
6648
6649
6686
6429
6323
6789
6975
6655
6821
6326
6327
6494
6595
6826
6844
6656
6658
6564
6763
6332
6794
6727
6334
6335
6809
6981
6337
6925
6708
6346
6536
6677
6341
6913
6984
6343
6354
6987
6345
6779
6678
6355
6462
6869
6688
6692
6350
6499
6983
6352
6353
6963
6695
6682
6439
6443
6489
6444
6531
6622
6841
6442
6445
6361
6750
6958
6631
6715
6505
6720
6614
6884
6476
7009
6724
6997
6406
6446
6371
6372
7367
7271
6525
6850
6375
6736
7018
6659
7020
6712
6733
6732
6737
6448
6455
6439
6739
6382
6863
6843
6449
6503
6842
6487
6840
6719
6566
6746
6450
6469
6731
6568
6651
6726
6447
6451
6758
6506
6765
6414
6756
6464
7235
6399
6916
7089
6510
6561
6556
6799
7048
7354
6471
6623
6405
6571
7084
6847
6408
6931
7052
6496
6859
6437
7863
6436
6453
6824
7058
6414
6575
6990
6416
6419
7060
6441
6923
6419
6501
7082
6732
6474
6808
6423
6811
7062
6435
6599
6427
6428
7416
7409
6866
6431
6562
7071
6620
6815
6434
6818
6607
6438
6819
6454
6725
6452
6593
6810
6531
6619
6449
6632
6634
6499
6619
6657
6705
6776
7179
6764
6534
6608
6738
6463
6928
6685
6757
6744
7029
6647
7056
6465
6457
6458
7207
6620
6603
6749
6466
6621
6690
6832
6534
7026
6647
6822
6469
6540
7073
6704
6845
6847
6580
6772
6474
6756
7090
6579
6581
7268
6478
6488
7105
6480
6880
7107
6528
6604
6670
6828
6825
6858
6545
6807
6486
6487
6695
7078
6743
6623
7361
6491
6814
7121
6538
6933
6494
6867
6596
6496
6497
6977
6633
6733
6770
6864
6501
6551
7128
6503
6807
7130
6505
6506
7401
7506
6624
6800
6509
6510
7280
7732
6512
6853
6995
6716
7135
7382
6787
6889
6652
6876
6553
6870
6541
6555
6520
6602
6952
6642
6894
6822
7420
6729
6760
6525
6763
7070
6795
6917
6528
6898
7068
6530
6614
7148
6892
6615
6536
6731
7169
6538
6558
7171
6540
6548
7174
6728
6543
6934
7178
6545
6746
7180
6582
6548
6808
7176
6604
6632
6551
6889
7123
6553
6669
7186
6879
6921
6791
6915
6894
6558
6624
7198
6854
6860
6561
6562
7538
7525
6564
6651
7391
6566
6609
7205
6568
6573
7213
6600
6649
6571
6677
7203
6573
6768
7219
6575
6842
7221
6662
6924
6895
6912
6628
6772
6598
6910
6666
6811
6589
7057
6583
6584
6585
6586
6590
6591
6587
6588
6812
6831
6593
6823
6911
6592
6830
6592
6851
7424
6594
6685
6831
6596
6597
7099
6919
7115
7197
7224
6602
6989
7237
7456
7046
6691
6699
6659
6608
7202
7244
7001
6660
7588
6752
6999
6613
6941
6661
7003
6618
7011
6617
7253
6663
6716
6944
7209
7419
6667
7124
7304
7086
6642
7035
6920
6955
6628
6959
6666
6844
6875
7267
7440
6664
7268
6961
7183
6669
6705
6636
6966
6668
6897
6969
6748
6948
6640
7108
7239
6670
6926
6970
6644
6976
6907
6646
7529
7201
7168
7026
6994
7215
7007
7092
6654
6974
7282
6780
6957
6657
7285
7281
6702
6978
6979
6662
7678
6673
6940
6937
6773
7059
6672
6942
7013
7440
7126
6775
6872
6743
6954
6962
6671
7023
7269
6771
7109
6674
7295
7279
6778
7328
6776
6780
6985
7216
6680
7283
7306
6682
7312
6988
6684
7010
7308
7150
6687
7347
7310
6689
7243
7311
6691
6692
7461
7313
6694
7037
6886
6964
6697
7483
6781
6699
6718
7323
6701
6702
6854
6996
6704
6953
7302
7227
6786
7446
6785
7019
6783
7257
6710
7335
7319
6755
6787
7002
6788
7358
6835
6992
6771
7010
6718
6905
7343
7116
7027
7346
7420
6723
7310
7345
6725
7004
6790
6727
6728
7075
6791
6730
7381
6967
7028
6941
7040
6735
6982
7356
6754
7017
6900
7016
6794
7024
6795
7014
6792
6796
6772
7041
7143
7255
6801
7114
6748
7149
7365
6750
7275
7369
6752
6951
7371
6754
6804
7625
7067
6965
6820
7104
6759
6760
7309
7379
6762
7321
7484
7191
6798
7399
6797
7039
6793
7036
6799
7033
7047
6800
6850
7049
7154
6774
7287
7547
6865
6777
7259
7422
6779
7339
7217
7005
6782
7286
6973
6784
7363
7320
7035
7196
7396
6789
7496
7336
6873
7012
7077
6793
7299
7351
7076
6980
7272
6895
6928
7361
7038
7087
6851
6936
6803
6804
6857
7472
6806
6956
7451
7030
7080
7182
7064
7189
7065
6830
7066
6814
7505
7405
6859
7120
6817
7548
7042
7200
6820
6821
7473
7247
7013
7079
7139
6874
7081
6826
7394
7412
7411
9863
9886
6829
7297
7260
7134
7118
7190
7410
6918
6835
7240
7426
9764
9867
6838
6839
6949
7338
6841
7322
7428
7008
6877
7477
7095
6846
7101
6879
6986
6875
7098
6855
6880
7102
6971
6853
7159
7466
6939
7053
6857
6881
7470
7055
7127
6876
7112
6882
7110
6863
7106
7476
7361
7398
6871
7179
6902
7119
6869
7443
7464
7054
7384
7117
7712
7125
7712
7559
7863
6914
7006
7034
6960
6878
7509
7417
7545
7136
7173
7157
6884
7043
7479
6886
6887
7616
7504
6930
7000
7132
6891
7431
7432
6998
7144
7193
6917
7098
6946
7079
7140
6900
7357
7517
6902
7307
7521
6933
6934
6905
7218
7515
6907
6908
7590
7293
7015
6911
7246
7482
6913
7195
7523
7031
6916
7415
7277
7044
6920
7100
7541
6922
7265
7532
6925
7404
7256
7021
6932
6936
7304
7384
6931
7546
7543
6935
6938
6947
7490
7147
7511
7210
7442
7469
7211
7241
6996
7113
7155
7258
7155
7248
7373
7225
7249
7058
7250
6946
7251
7559
7519
7172
7503
6949
7252
7738
6951
7072
7563
6953
7238
7565
6968
7254
6956
7261
7749
7247
7262
7249
7370
7051
7502
7093
7513
7024
7389
7187
7228
6964
6993
7078
6991
7270
6967
6968
7829
8013
7022
7527
7145
7163
7212
7460
6973
6974
7585
8007
6976
7337
7589
7184
7264
7284
7325
7094
7154
7045
7392
6982
7182
7703
7267
7398
7208
7524
7170
7377
7304
6988
6989
8016
7856
6991
7222
7594
6993
7364
7597
7226
7315
7173
7468
7324
7020
7156
6999
7000
7329
7683
7122
7245
7332
7334
7423
7480
7242
7301
7263
7422
7231
7236
7214
7397
7131
7276
7025
7117
7348
7244
7348
7251
7301
7157
7189
7353
7354
7155
7492
7331
7623
7019
7331
7330
7333
7022
7023
8439
7375
7317
7359
7501
7063
7400
7074
7326
7056
7160
7181
7274
7161
7153
7588
7335
7376
7096
7165
7162
7037
7449
7656
7146
7383
7194
7508
7050
7332
7042
7043
7934
7799
7045
7166
7667
7069
7388
7061
7386
7097
7158
7050
7051
7943
7834
7053
7544
7137
7188
7438
7185
7393
7167
7079
7151
7290
7402
7061
7083
7662
7063
7390
7666
7111
7674
7342
7390
7340
7407
7085
7395
7069
7142
7638
7192
7408
7072
7526
7636
7074
7175
7670
7076
7077
7318
7413
7350
7091
7360
7152
7387
7083
7129
7730
7085
7204
7833
7088
7425
7088
7103
7677
7278
7431
7091
7270
7659
7093
7534
7693
7266
7385
7096
7412
7675
7378
7164
7100
7119
7699
7303
7549
7103
7408
7697
7465
7686
7106
7143
8006
7108
7138
7708
7579
8020
7159
7167
7537
7633
7113
7514
7630
7206
7478
7246
7481
7223
7150
7341
7487
7488
7540
7122
7406
7650
7133
7491
7429
7713
7486
8028
7342
7502
7264
7489
7129
7491
7591
7131
7274
7726
7133
7455
7728
7407
7457
7153
7510
7137
7138
8077
8084
7141
7482
7141
7142
8045
7958
7289
7145
7146
8096
8161
7273
7316
7149
7423
7744
7686
7152
7292
7747
7678
8386
7242
7355
7168
7349
7453
7160
7288
7229
7231
7163
7330
7634
7165
7166
7924
7929
7168
7170
7326
7742
7172
7199
7752
7471
7175
7177
7753
7177
7360
7755
7499
7528
7181
7478
7614
7533
7184
7185
7842
8062
7187
7188
7948
7843
7536
7232
7352
7192
7454
7739
7194
7195
7847
8069
7327
7497
7233
7199
7425
7777
7201
7202
8059
7892
7204
7377
7580
7206
7245
8075
7208
7209
7553
7540
7211
7212
7882
8005
7214
7220
7955
7327
7334
7217
7218
7611
8078
7220
7386
7581
7222
7276
7782
7374
7501
7225
7226
7805
8081
7228
7259
7768
7230
7235
7435
7639
7234
7362
7520
7439
7481
7535
7643
7352
7387
7535
7238
7857
8065
7240
7709
7796
7273
7551
7552
7314
7555
7557
7915
7665
7475
7558
8219
7560
7281
7291
7807
7366
7561
7290
7293
7289
7562
7260
7288
7257
7664
7530
7294
7493
7567
7575
7542
7568
7263
8048
7816
7609
7550
7570
7296
7569
7346
7300
7297
7648
7576
7272
7368
7298
7741
7761
7421
7577
7578
7278
7993
7835
7280
7810
7794
7735
7283
8008
7839
7285
8393
7836
7485
7584
7403
7582
7467
7661
7668
7292
8037
7802
7714
7295
8199
7809
8204
8386
7837
7299
7641
7826
7359
7373
7849
7303
7566
7851
9882
9917
7307
7840
7858
7309
7598
7380
7653
7312
7556
8017
7314
7463
7865
7347
7608
7512
7596
7318
7939
7414
7443
7635
7321
7628
7854
7350
7599
7344
7462
7325
7630
7852
7587
7631
7338
7444
7372
7691
7603
7690
7624
7385
7430
7605
7781
7337
8027
7876
7738
7445
7610
7341
7883
7870
7612
7344
7516
7615
7446
7601
7399
7572
7598
7618
7621
7597
7448
7827
7434
7392
7619
7621
7430
7622
7357
7705
7891
7409
7450
7904
7769
7436
7629
7531
7627
7427
7626
7366
7745
7890
7368
7451
7640
7370
8003
7917
7372
7564
7918
7602
7441
8190
7623
7625
7383
7613
7651
7432
7452
7380
7381
8193
7875
7433
7621
7657
7437
7719
7695
7746
7389
7911
7938
7573
7397
7454
7660
7394
8064
7825
7396
7681
7455
7673
7399
7401
7999
7507
7403
7983
7952
7442
7663
7406
8213
7951
7716
7733
7418
7511
9867
9921
7574
7414
7415
8270
7992
7417
7418
7822
7819
7456
7464
7440
7456
7676
7679
7707
7457
7460
7998
7427
7797
8000
7429
7600
8494
7721
7604
7758
7459
7618
7435
7436
7860
7969
7438
7439
7965
8090
7593
8223
8587
7786
7445
8034
7868
7458
9826
9893
9920
7449
7881
7893
7495
7820
7751
7453
7760
8573
7774
7772
7787
7497
7788
7510
7684
7694
7462
7463
8019
8215
7785
7474
7715
7467
7468
7575
8265
7844
7867
7471
7472
8616
7689
7474
7475
7942
8046
7477
7889
7498
7723
7480
7800
8024
7607
7776
7484
7485
7855
8231
7494
7586
7522
7711
7489
8031
7921
7499
7503
7717
7493
7518
7720
7500
7606
7496
7879
8026
7736
7509
7757
7702
7592
8223
8035
7784
7763
7505
7617
8036
7507
7508
8216
7960
7658
7682
7512
7520
7514
7866
7975
7516
8079
8042
7518
7957
8043
7527
7725
8044
7522
7859
8288
7524
8029
8051
7526
7539
8054
7669
7529
7950
8058
7531
7991
8060
7533
7571
7704
7642
7765
8068
7537
7620
7903
7539
7710
7945
7554
7542
7700
7887
7544
7780
8076
7549
7550
7687
7779
7548
7583
7985
7672
7988
7971
8041
7798
7823
7554
8052
8087
7556
7853
8105
7801
7892
7579
7644
7804
7976
7791
7806
7977
8015
7564
7637
8163
7566
8066
8112
7680
7812
7750
7815
7818
7899
7571
7821
8502
7654
7872
7824
7896
7825
8021
7962
7595
7828
7995
8003
7727
7910
7645
7652
7832
7696
8009
7583
7838
8218
7585
8089
8129
8094
8391
7671
7884
7590
7877
7714
7718
7850
7593
8136
7848
7595
7783
8139
7861
8099
7646
7801
7600
7831
8144
7655
7789
8147
8404
7706
7846
7759
7873
7632
7920
8152
8192
7814
8091
7871
8083
7841
7878
7611
7880
8222
7824
8080
8159
8227
7724
7946
7885
7926
7617
7656
8173
7808
7620
7997
8172
7798
7937
8439
7901
7920
7648
7646
7922
7628
7905
8174
7869
7906
7907
7632
7737
8184
7642
7647
7846
8093
7781
7898
7637
8056
8168
7811
7911
7643
7685
7641
7912
8120
7674
7649
8067
8107
7916
8107
7831
7766
7903
7689
7902
8101
7908
7913
7652
7743
7973
7654
7655
8426
8635
7894
8161
8195
7822
7932
7770
7828
7933
7996
7941
8006
7731
8239
7664
7953
7990
7814
7954
7897
7999
7931
7933
7956
7982
7690
8439
7671
7754
7968
7845
7986
7830
7980
7923
8022
7785
7994
7698
8039
7688
7680
7817
8224
7895
7984
7688
7989
7687
7691
8012
8262
7902
7947
7692
7701
7867
8390
7706
7792
7870
7927
7767
7866
7874
8004
7696
8239
8182
7698
7734
8269
7700
7711
8244
7793
8010
7764
7949
7704
7705
8501
8166
7725
7925
8025
7709
8086
8332
7732
7795
8023
8223
7722
8028
7956
7927
7978
7972
8030
7718
7729
8274
7899
8033
7940
8049
7936
8033
8198
8289
7724
8102
8197
8355
7727
7762
8134
7729
7773
8296
7731
7850
8520
7794
7734
7740
8304
7836
8037
7737
7790
8302
7791
7740
7775
8311
7862
8040
7743
7884
8109
7745
7925
8240
7748
8053
7748
7803
8807
7750
7751
8583
7912
7778
7900
7754
7756
8151
7756
7771
8331
8057
8229
7759
7760
8639
8637
7762
7946
8205
7764
7900
8323
7766
7767
8500
8547
7812
8074
7770
7771
7885
8141
7773
7984
8194
7775
7830
8338
7954
8072
7778
8073
8328
7780
8011
8341
8114
7783
7910
8142
7813
8080
7786
7974
7874
8030
7789
7790
8564
8419
8034
7793
7919
8148
8088
7944
8092
7797
8507
8451
8461
7800
7935
8353
8193
7803
8293
8356
7805
8525
8082
7973
8109
7928
8355
8103
8573
7810
8255
7888
7958
8110
8111
7834
8113
8115
7886
8255
7817
8529
8565
7864
8116
7820
8117
8230
8098
8119
8117
7959
8330
8122
8156
7827
8118
8002
7926
7875
8014
8125
8214
7833
8162
7895
8203
7873
8487
8128
7962
8390
7963
8377
7840
8382
8374
7842
8428
8063
7964
8132
7961
7966
7851
7908
8355
7909
8070
8131
8228
7928
7959
8133
7914
8135
8171
7967
8134
7855
8175
8346
7857
8018
8397
7859
8421
8398
7947
8137
7862
8402
8412
8108
8204
7967
8142
8143
7981
7968
8157
7969
8145
8146
7872
8429
8409
8183
8127
8243
7877
8468
8211
7921
8154
8155
8392
7968
8151
7970
8149
7971
8375
7972
8140
8157
8042
7887
7888
8153
8088
8006
8057
7973
8162
7957
8165
8169
7894
8150
8615
8187
7897
8370
8434
7974
8210
8436
8466
7943
8300
8177
8264
8147
8693
8061
8179
8400
8437
7975
8170
7951
7960
8185
7967
8278
8583
7914
7915
8112
8097
8032
8349
7976
8189
7919
8164
8630
8308
8200
8001
8191
7924
8425
7930
8126
8019
8316
8093
7930
7931
8571
8453
8212
8237
8196
7935
7985
8472
7937
8470
8457
7939
8505
8271
8199
8368
7977
8188
7978
8047
8203
7945
8176
8055
8343
8348
8074
8132
7950
8317
8532
7987
7963
8182
7979
8206
8209
7980
8009
8211
7970
8158
8121
8217
8299
8587
8265
8124
7965
8541
8381
8130
8679
8138
8002
8285
8347
8260
8220
8313
8277
8307
8201
8515
8207
8681
8851
7983
8483
8251
8186
8226
7987
7988
8632
8098
8012
8851
7991
8493
8450
7993
8272
8486
7995
8260
8376
7997
8373
8489
8039
8073
8263
8001
8485
8456
8043
8123
8005
8266
8268
8008
8129
8383
8329
8011
8416
8389
8178
8014
8015
8783
8499
8017
8018
8106
8586
8139
8032
8386
8022
8558
8405
8050
8176
8025
8418
8252
8027
8411
8659
8094
8071
8282
8284
8087
8286
8287
8326
8234
8038
8516
8213
8432
8291
8233
8305
8306
8041
8413
8513
8141
8049
8099
8437
8072
8158
8047
8048
8530
8528
8118
8055
8288
8052
8283
8518
8100
8104
8055
8056
8417
8188
8059
8504
8169
8061
8396
8401
8063
8064
8626
8545
8066
8423
8249
8095
8333
8100
8101
8070
8071
8549
8477
8480
8315
8221
8097
8102
8077
8380
8085
8079
8222
8246
8279
8082
8083
8740
8560
8085
8086
8608
8358
8506
8092
8160
8350
8091
8381
8508
8153
8096
8232
8181
8780
8121
8235
8632
8202
8273
8334
8276
8262
8290
8294
8492
8106
8242
8719
8574
8327
8357
8234
8359
8523
8225
8354
8235
8257
8362
8227
8314
8364
8372
8365
8554
8236
8120
8432
8536
8368
8495
8280
8369
8189
8371
8239
8367
8208
8339
8186
8187
8267
8481
8292
8378
8379
8385
8491
8552
8590
8241
8275
8594
8242
8295
8393
8192
8562
8138
8597
8406
8215
8146
8556
8246
8215
8403
8559
8568
8709
8399
8406
8407
8245
8408
8443
8150
8167
8714
8342
8248
8779
8244
8428
8475
8230
8247
8546
8557
8234
8351
8195
8431
8231
8250
8495
8240
8164
8442
8384
8166
8167
8503
8753
8398
8442
8253
8171
8448
8352
8264
8490
8432
8615
8175
8180
8613
8244
8336
8440
8321
8438
8180
8420
8856
8441
8617
8251
8535
8629
8303
8309
8445
8550
8252
8240
8567
8455
8228
8233
8214
8826
8395
8253
8252
8297
8430
8373
8454
8344
8467
8232
8254
8255
8286
8474
8446
8476
8402
8460
8256
8287
8242
8345
8456
8493
8208
8478
8671
8372
8479
8314
8510
8539
8229
8258
8632
8696
8217
8263
8465
8226
8593
8404
8780
8403
8447
8354
8482
8342
8225
8566
8618
8360
8259
8337
8544
8238
8346
8281
8261
8249
8237
8238
8318
8322
8482
8540
8253
8504
8427
8999
8331
8269
8304
8394
8410
8276
8387
8416
8329
8325
8634
8257
8301
8577
8315
8328
8457
8469
8484
8473
8638
8319
8435
8726
8616
8267
8498
8675
8375
8497
8322
8271
8272
8925
8873
8335
8492
8275
8298
8360
8467
8317
8323
8359
8505
8280
8363
8674
8509
8526
8283
8511
8672
8414
8481
8422
8513
8514
8327
8417
8324
8494
8320
8643
8292
8293
8884
8885
8807
8891
8352
8512
8297
8298
8418
8614
8385
8452
8301
8310
8702
8303
8366
8704
8312
8598
8705
8318
8322
8519
8521
8309
8310
8913
8942
8312
8340
8392
8444
8524
8471
8318
8407
8521
8499
8320
8321
8866
8875
8361
8325
8837
9164
8433
8517
8542
8449
8478
8430
8495
8342
8401
8507
8463
8543
8335
8336
8899
8927
8473
8553
8339
8340
8847
8604
8380
8669
8344
8345
8596
8719
8388
8414
8555
8440
8636
8542
8563
8379
8408
8523
8533
8747
8418
8614
8569
8591
8610
8365
8755
8401
8420
8570
8472
8466
8567
8363
8763
8947
8508
8578
8579
8419
8580
8377
8520
8583
8370
8800
8769
8376
8584
8585
8662
8384
8421
8422
8612
8593
8415
8588
8589
8608
8732
8383
8649
8589
8649
8982
8388
8389
8613
8669
8616
8496
8779
8411
8415
8395
8789
8424
8450
8507
8423
8596
8417
8400
8602
8459
8668
8720
8488
8425
8663
8599
8739
8416
8426
8607
8600
8603
8604
8413
8813
8802
8665
8512
8910
8608
8442
8808
8467
8592
8736
8595
8633
8527
8601
8605
8561
8606
8461
8457
8461
8462
8697
8435
8770
8724
8462
8554
8458
8692
8817
8728
8463
8743
8589
8630
8455
8623
8465
8622
8456
8826
8448
8773
8818
8466
8544
8451
8485
8631
9298
8454
8572
8834
8715
8459
8460
8787
8852
8746
8464
8815
8846
8724
8659
8671
8470
8471
8517
8651
8614
8690
8475
8848
8844
8548
8656
8511
8551
8483
8480
8727
8533
8698
8748
8539
8510
8612
8493
8487
8874
8534
8676
8999
8490
8841
8860
8531
8666
8667
8538
8509
8611
8498
8872
8869
8783
8609
8717
8502
8503
8536
8753
8532
8735
8518
8522
8734
8744
8653
8657
8655
8701
8522
8694
8587
9298
8693
8695
8652
8673
8530
8718
8594
8581
8922
8680
8525
8625
8741
8707
8829
8706
8708
8529
8582
8915
8582
8537
8716
8783
8658
8535
8902
8849
8750
8678
9005
8568
8664
8671
8541
8791
8733
8660
8575
8731
8567
8546
8628
8930
8559
8609
8926
9042
8550
8551
8821
8831
8553
8621
9017
8691
8556
8828
8936
8558
8929
8857
8689
8561
8742
9025
8590
8592
8576
8738
8640
8911
8566
8916
8933
8760
8619
8906
8754
8928
8572
8595
9069
8637
8575
8576
8823
8757
8703
8763
8758
8759
8624
8948
8764
8888
8765
8923
8766
8715
8863
8758
8768
8596
8719
8774
8883
8620
8781
8887
8644
8594
8839
8636
8722
8638
8646
8723
8756
8788
8797
8799
8908
8756
8786
8641
8779
8847
8627
8900
8607
8804
8785
8730
8677
8807
8641
8647
8648
8856
8714
8676
8878
8619
8934
8973
8621
8645
8979
8796
8820
8624
8625
8810
8974
8627
8628
9210
9078
8639
8725
8649
8932
9526
8635
8721
8650
8829
8640
8661
8642
8654
8642
8931
8745
8643
8670
8645
8737
9060
8784
8962
8744
8919
8809
8861
8778
8811
8652
8653
8697
8809
9011
9016
8774
8842
8843
8898
8833
8835
8801
8845
8847
8755
8880
8729
8792
8840
8855
8838
8857
8688
8837
8700
8827
8859
8980
8822
8893
8813
8854
8856
8725
8864
8673
8836
8924
8800
8984
8699
8870
8780
8782
8892
8812
9003
8681
9005
8754
8801
8682
8683
8817
8684
8687
8685
8686
8938
8961
8805
8939
8692
8777
8762
8776
8775
8858
8958
9006
8767
8877
8876
8708
8848
8935
8705
8710
8709
8712
8905
8699
8700
9126
9175
8803
8867
8703
8909
9015
8888
8913
8713
8882
8897
8904
8914
8710
8711
8798
8761
9189
8806
9310
8784
8918
8750
8948
8830
8921
8726
8751
8881
8923
8772
8775
8785
9034
8723
8793
9032
8794
8850
8749
8768
8845
8729
8927
9044
8752
8858
8815
8824
8733
8734
9050
8771
8925
8928
8737
8896
9056
8880
8894
8765
8937
8741
8742
8976
9166
8903
8917
8914
8797
8920
8767
8905
8819
8842
8790
8906
8860
8862
8753
8752
8862
9030
8972
8810
8992
8825
8894
8949
8771
8950
8761
8762
9076
9074
8969
8912
8952
8953
8881
8954
8861
9063
8770
9314
8795
9052
8773
9134
9084
8981
8983
8959
9158
8805
9089
8895
8960
8782
9156
9139
8957
9008
8787
9152
8853
8789
8986
8896
8791
9143
9051
8793
9155
9093
8795
8796
9319
9095
8989
8882
8918
8897
8956
8963
9000
8803
9098
9102
8965
8994
8966
8898
9252
8816
8872
8905
8975
8970
9116
8830
8971
8814
9098
9110
9057
8867
8977
8851
8819
9084
9113
8821
9339
8832
8899
9045
8824
8825
9082
8965
8898
8828
9124
9119
8890
9035
8832
8833
9253
9123
8855
8988
8836
9125
9067
8889
8839
9209
9127
8841
9129
8996
9002
8879
9147
8900
8985
8987
8917
8991
8964
8850
9132
8865
8853
8854
9260
9111
8998
9049
9053
8921
8993
8995
8863
8955
8877
8865
8866
9356
9285
8868
9103
9154
8870
9161
9159
9287
9350
9526
9001
8874
8967
8901
8876
9285
9106
8948
8903
8978
8945
9004
9007
9058
9012
8884
9086
8886
8886
8887
9305
9157
9059
9009
9180
8895
8904
8892
8893
9096
9171
8994
9014
9010
9027
8968
9043
8902
9023
9130
9163
9041
8907
9107
9162
8941
9064
8942
9174
8911
8912
8943
8991
9013
9187
8916
8954
9184
8952
9274
8920
9202
9277
9094
8924
8940
9031
9066
8967
8945
9468
8968
9046
8930
9036
9040
8943
9034
8946
9042
8934
9186
9193
8940
9212
8937
9120
9191
8944
9422
8944
9105
9065
8978
9163
9013
9028
9390
9275
9195
9295
8984
9197
8951
9165
8951
9216
9223
9099
9077
9192
9080
8997
9081
9075
9211
9072
9222
9016
9087
9019
9180
9088
9188
9003
9005
9011
9029
9070
9328
8985
9220
9008
9104
9137
9022
9047
9179
9206
9088
9108
9169
9428
9109
9167
9162
9194
8975
8976
9007
9166
9001
9204
8999
9038
9062
8982
9115
9085
9117
9121
9055
9133
9024
9146
8990
9149
9148
9150
9069
9100
8990
9273
9367
9028
9033
9151
9118
9153
9025
8996
8997
9417
9376
9128
9140
9109
9148
9161
9114
9117
9422
9090
9292
9017
9018
9071
9082
9021
9164
9271
9276
9026
9015
9027
9303
9178
9196
9179
9020
9037
9039
9097
9083
9181
9026
9235
9092
9135
9023
9046
9131
9029
9070
9071
9070
9174
9057
9072
9054
9081
9077
9091
9033
9093
9302
9073
9170
9190
9049
9144
9038
9039
9437
9426
9078
9112
9178
9198
9298
9122
9199
9048
9155
9101
9173
9168
9048
9101
9325
9200
9051
9052
9248
9215
9054
9055
9393
9380
9061
9259
9073
9091
9214
9141
9332
9061
9062
9312
9456
9150
9165
9075
9141
9068
9213
9067
9068
9336
9279
9127
9166
9197
9082
9225
9446
9332
9207
9225
9226
9079
9210
9227
9185
9214
9229
9205
9264
9232
9086
9411
9373
9097
9233
9234
9106
9136
9231
9237
9238
9183
9239
9240
9138
9190
9324
9382
9139
9172
9506
9307
9141
9163
9140
9245
9246
9103
9309
9384
9105
9306
9142
9340
9143
9291
9135
9249
9255
9111
9256
9262
9144
9293
9114
9395
9407
9118
9145
9135
9164
9263
9289
9120
9251
9398
9145
9526
9146
9265
9125
9266
9177
9250
9268
9160
9176
9269
9129
9420
9406
9131
9132
9439
9357
9134
9431
9371
9137
9544
9379
9153
9258
9241
9286
9217
9337
9247
9294
9317
9329
9252
9313
9270
9213
9271
9272
9152
9361
9261
9472
9204
9236
9280
9157
9282
9284
9205
9446
9160
9243
9413
9242
9330
9299
9168
9577
9524
9170
9471
9441
9172
9173
9475
9444
9211
9176
9177
9436
9447
9267
9274
9182
9182
9338
9183
9316
9185
9186
9434
9461
9198
9202
9196
9464
9201
9310
9311
9192
9399
9465
9194
9486
9467
9203
9468
9315
9206
9297
9210
9323
9208
9320
9207
9321
9401
9218
9219
9257
9335
9222
9254
9209
9484
9402
9303
9220
9230
9230
9288
9216
9396
9479
9224
9390
9221
9327
9583
9701
9228
9244
9322
9274
9300
9480
9362
9471
9494
9363
9465
9293
9364
9329
9365
9366
9432
9367
9370
9458
9371
9395
9235
9372
9489
9499
9328
9375
9384
9275
9304
9363
9403
9249
9377
9281
9368
9283
9488
9243
9257
9546
9295
9344
9269
9443
9440
9445
9248
9491
9396
9564
9251
9449
9510
9412
9266
9355
9386
9614
9385
9388
9308
9389
9391
9381
9392
9276
9278
9261
9262
9521
9405
9408
9410
9394
9455
9323
9459
9397
9387
9400
9278
9336
9402
9383
9388
9279
9301
9383
9277
9290
9318
9333
9296
9312
9333
9281
9326
9528
9283
9378
9533
9305
9414
9341
9419
9457
9295
9343
9403
9409
9469
9474
9365
9374
9331
9478
9313
9496
9423
9320
9542
9401
9452
9400
9548
9300
9301
9492
9462
9360
9368
9332
9349
9451
9373
9359
9379
9308
9309
9613
9637
9342
9381
9442
9397
9334
9328
9372
9387
9466
9416
9482
9350
9469
9348
9470
9382
9506
9553
9342
9351
9346
9433
9364
9339
9424
9326
9440
9530
9418
9572
9374
9331
9467
9676
9336
9412
9427
9450
9460
9359
9462
9394
9482
9355
9358
9485
9356
9358
9415
9344
9347
9345
9346
9353
9539
9352
9353
9349
9425
9832
9352
9664
9811
9354
9463
9421
9576
9453
9357
9439
9540
9383
9361
9655
9522
9462
9492
9493
9596
9367
9376
9495
9369
9626
9662
9496
9549
9497
9506
9560
9452
9391
9541
9501
9416
9502
9414
9498
9559
9430
9512
9503
9426
9529
9485
9577
9509
9566
9569
9559
9405
9513
9428
9573
9473
9500
9432
9512
9514
9578
9535
9456
9399
9511
9625
9565
9652
9555
9404
9593
9627
9523
9417
9562
9408
9630
9628
9434
9517
9411
9633
9601
9415
9435
9547
9531
9429
9543
9501
9433
9538
9420
9636
9635
9487
9582
9428
9542
9565
9426
9437
9438
9534
9550
9643
9664
9713
9431
9600
9615
9653
9556
9545
9436
9656
9448
9453
9588
9701
9524
9527
9442
9603
9504
9457
9561
9445
9476
9647
9454
9448
9449
9738
9617
9455
9552
9458
9551
9459
9456
9460
9477
9507
9575
9667
9652
9525
9486
9545
9487
9672
9481
9489
9557
9481
9490
9563
9470
9576
9701
9508
9473
9474
9675
9586
9476
9488
9610
9570
9718
9491
9571
9480
9537
9905
9518
9483
9516
9673
9490
9520
9544
9532
9554
9598
9519
9553
9536
9508
9593
9629
9566
9718
9661
9760
9594
9595
9615
9622
9634
9564
9639
9505
9681
9567
9568
9646
9504
9505
9640
9671
9515
9773
9905
9604
9658
9511
9611
9694
9558
9612
9616
9515
9516
9770
9690
9627
9645
9519
9520
9619
9555
9522
9523
9755
9641
9540
9623
9644
9632
9649
9592
9626
9624
9631
9592
9632
9560
9621
9563
9580
9597
9634
9591
9650
9536
9537
9709
9765
9659
9666
9556
9687
9577
9624
9638
9569
9642
9673
9559
9579
9547
9620
9651
9596
9652
9607
9686
9581
9594
9677
9723
9623
9668
9569
9602
9654
9561
9618
9625
9629
9660
9791
9601
9619
9635
9674
9665
9568
9596
9574
9674
9690
9599
9644
9696
9640
9671
9583
9584
9620
9670
9605
9669
9599
9636
9585
9595
9630
9580
9645
9754
9608
9679
9587
9602
9588
9590
9666
9586
9587
9820
9904
9589
9590
9591
9794
9829
9708
9780
9606
9722
9598
9753
9609
9639
9775
9791
9729
9781
9765
9905
9605
9822
9767
9607
9608
9824
9768
9610
9787
9648
9617
9692
9613
9695
9637
9657
9811
9697
9641
9698
9700
9659
9720
9639
9706
9622
9731
9779
9691
9724
9828
9710
9845
9633
9732
9703
9733
9637
9704
9705
9712
9702
9642
9646
9670
9721
9709
9693
9646
9663
9713
9800
9789
9648
9649
9844
9808
9714
9719
9656
9707
9660
9661
9680
9788
9662
9756
9728
9658
9818
9809
9745
9717
9782
9742
9684
9689
9683
9682
9746
9740
9678
9686
9717
9741
9716
9743
9744
9676
9680
9687
9674
9681
9819
9682
9678
9879
9766
9689
9757
9877
9682
9685
9737
9715
9736
9688
9727
9739
9793
9811
9818
9752
9760
9741
9774
9761
9763
9755
9814
9763
9828
9699
9783
9716
9750
9775
9807
9699
9815
9864
9738
9776
9790
9816
9720
9861
9725
9783
9784
9803
9707
9785
9777
9786
9803
9765
9759
9786
9795
9818
9913
9730
9796
9715
9747
9832
9737
9718
9773
9823
9831
9793
9726
9827
9734
9807
9748
9751
9725
9726
9872
9914
9795
9840
9792
9802
9730
9731
9847
9901
9735
9801
9734
9735
9871
9881
9798
9805
9749
9802
9766
9813
9806
9859
9791
9759
9771
9772
9810
9785
9799
9859
9861
9754
9819
9758
9817
9758
9832
9805
9851
9778
9810
9799
9821
9798
9866
9797
9816
9902
9756
9762
9769
9869
9821
9898
9770
9776
9806
9771
9833
9859
9856
9921
9890
9772
9908
9769
9826
9915
9782
9838
9919
9782
9775
9850
9834
9792
9854
9835
9884
9790
9885
9793
9877
9788
9789
9860
9808
9841
9842
9852
9797
9843
9845
9902
9857
9907
9806
9830
9891
9801
9846
9848
9849
9827
9835
9850
9897
9839
9856
9870
9903
9915
9867
9855
9868
9912
9913
9836
9878
9901
9918
9825
9858
9815
9833
9893
9837
9823
9854
9820
9904
9842
9865
9912
9907
9825
9826
9876
9879
9861
9830
9831
9834
9911
9895
9839
9862
9881
9897
9880
9882
9883
9903
9911
9851
9853
9886
9921
9854
9844
9900
9868
9877
9847
9910
9918
9880
9892
9875
9855
9863
9894
9896
9899
9862
9894
9882
9889
9860
9872
9864
9871
9899
9876
9878
9906
9869
9873
9909
9870
9874
9884
9890
9874
9875
9883
9893
9888
9914
9884
9898
9887
9901
9909
9888
9889
9912
9917
9914
9896
9896
9900
9903
9920
9919
9916
9916
9904
9908
9918
9911
9910
9916
9919
9917
9920
)


// ************************************************************************* //
